5343	0.0109
5344	0.0122
5345	0.0136
5346	0.015
5347	0.0165
5348	0.0181
5349	0.0197
5350	0.0214
5351	0.0232
5352	0.025
5353	0.0269
5354	0.029
5355	0.0313
5356	0.0337
5357	0.0363
5358	0.0392
5359	0.0424
5360	0.0458
5361	0.0495
5362	0.0536
5363	0.058
5364	0.0628
5365	0.0679
5366	0.0734
5367	0.0792
5368	0.0855
5369	0.0921
5370	0.0992
5371	0.1067
5372	0.1147
5373	0.1231
5374	0.1321
5375	0.1417
5376	0.1519
5377	0.1628
5378	0.1744
5379	0.1868
5380	0.1999
5381	0.2139
5382	0.2287
5383	0.2446
5384	0.2614
5385	0.2793
5386	0.2984
5387	0.3187
5388	0.3403
5389	0.3633
5390	0.3876
5391	0.4134
5392	0.4408
5393	0.4698
5394	0.5005
5395	0.533
5396	0.5673
5397	0.6036
5398	0.6419
5399	0.6823
5400	0.7248
5401	0.7696
5402	0.8167
5403	0.8662
5404	0.9183
5405	0.9729
5406	1.0302
5407	1.0903
5408	1.1532
5409	1.2191
5410	1.288
5411	1.36
5412	1.4352
5413	1.5137
5414	1.5955
5415	1.6807
5416	1.7695
5417	1.8618
5418	1.9578
5419	2.0575
5420	2.161
5421	2.2684
5422	2.3798
5423	2.4953
5424	2.6149
5425	2.7387
5426	2.8668
5427	2.9993
5428	3.1363
5429	3.2778
5430	3.424
5431	3.5749
5432	3.7305
5433	3.8908
5434	4.0559
5435	4.2258
5436	4.4006
5437	4.5801
5438	4.7645
5439	4.9538
5440	5.148
5441	5.3471
5442	5.5511
5443	5.7599
5444	5.9737
5445	6.1923
5446	6.4158
5447	6.6441
5448	6.8773
5449	7.1152
5450	7.358
5451	7.6056
5452	7.858
5453	8.1151
5454	8.3771
5455	8.6439
5456	8.9155
5457	9.1919
5458	9.4731
5459	9.7592
5460	10.05
5461	10.3456
5462	10.646
5463	10.9508
5464	11.2601
5465	11.5736
5466	11.8912
5467	12.2128
5468	12.5382
5469	12.8673
5470	13.2
5471	13.5361
5472	13.8758
5473	14.2192
5474	14.5665
5475	14.9178
5476	15.2733
5477	15.6331
5478	15.9974
5479	16.3663
5480	16.74
5481	17.1186
5482	17.5022
5483	17.8907
5484	18.2842
5485	18.6827
5486	19.0861
5487	19.4946
5488	19.908
5489	20.3265
5490	20.75
5491	21.1785
5492	21.6117
5493	22.0493
5494	22.4911
5495	22.9366
5496	23.3856
5497	23.8377
5498	24.2927
5499	24.7502
5500	25.21
5501	25.6717
5502	26.1355
5503	26.6014
5504	27.0694
5505	27.5398
5506	28.0126
5507	28.4879
5508	28.9659
5509	29.4465
5510	29.93
5511	30.4164
5512	30.9057
5513	31.398
5514	31.8933
5515	32.3916
5516	32.8931
5517	33.3976
5518	33.9052
5519	34.416
5520	34.93
5521	35.4471
5522	35.967
5523	36.4892
5524	37.0132
5525	37.5386
5526	38.0649
5527	38.5916
5528	39.1184
5529	39.6447
5530	40.17
5531	40.694
5532	41.2165
5533	41.7374
5534	42.2566
5535	42.774
5536	43.2895
5537	43.8029
5538	44.3142
5539	44.8233
5540	45.33
5541	45.8343
5542	46.3359
5543	46.8349
5544	47.331
5545	47.8241
5546	48.314
5547	48.8008
5548	49.2841
5549	49.7639
5550	50.24
5551	50.7123
5552	51.1804
5553	51.644
5554	52.1026
5555	52.556
5556	53.0037
5557	53.4453
5558	53.8804
5559	54.3088
5560	54.73
5561	55.1437
5562	55.5499
5563	55.9487
5564	56.3402
5565	56.7245
5566	57.1016
5567	57.4716
5568	57.8346
5569	58.1907
5570	58.54
5571	58.8825
5572	59.2185
5573	59.5483
5574	59.8719
5575	60.1898
5576	60.502
5577	60.809
5578	61.1108
5579	61.4077
5580	61.7
5581	61.9878
5582	62.2713
5583	62.5503
5584	62.8249
5585	63.0952
5586	63.361
5587	63.6223
5588	63.8793
5589	64.1319
5590	64.38
5591	64.6238
5592	64.8634
5593	65.0993
5594	65.3317
5595	65.5609
5596	65.7872
5597	66.011
5598	66.2325
5599	66.4521
5600	66.67
5601	66.8866
5602	67.102
5603	67.3164
5604	67.5299
5605	67.7426
5606	67.9548
5607	68.1664
5608	68.3777
5609	68.5889
5610	68.8
5611	69.0112
5612	69.2225
5613	69.434
5614	69.6456
5615	69.8574
5616	70.0694
5617	70.2816
5618	70.4941
5619	70.7069
5620	70.92
5621	71.1334
5622	71.3473
5623	71.5617
5624	71.7768
5625	71.9928
5626	72.2098
5627	72.4279
5628	72.6472
5629	72.8678
5630	73.09
5631	73.3137
5632	73.539
5633	73.7656
5634	73.9935
5635	74.2225
5636	74.4525
5637	74.6834
5638	74.915
5639	75.1472
5640	75.38
5641	75.6131
5642	75.8465
5643	76.0801
5644	76.3137
5645	76.5472
5646	76.7805
5647	77.0136
5648	77.2463
5649	77.4784
5650	77.71
5651	77.9408
5652	78.1708
5653	78.3997
5654	78.6274
5655	78.8538
5656	79.0786
5657	79.3018
5658	79.5232
5659	79.7427
5660	79.96
5661	80.175
5662	80.3876
5663	80.5973
5664	80.8042
5665	81.0078
5666	81.208
5667	81.4045
5668	81.5972
5669	81.7858
5670	81.97
5671	82.1497
5672	82.3249
5673	82.4956
5674	82.6619
5675	82.8239
5676	82.9815
5677	83.1349
5678	83.2841
5679	83.4291
5680	83.57
5681	83.7069
5682	83.8396
5683	83.9683
5684	84.0928
5685	84.213
5686	84.3291
5687	84.4408
5688	84.5483
5689	84.6513
5690	84.75
5691	84.8443
5692	84.9341
5693	85.0196
5694	85.1008
5695	85.1777
5696	85.2505
5697	85.319
5698	85.3834
5699	85.4437
5700	85.5
5701	85.5523
5702	85.6008
5703	85.6458
5704	85.6874
5705	85.726
5706	85.7616
5707	85.7946
5708	85.8252
5709	85.8536
5710	85.88
5711	85.9046
5712	85.9276
5713	85.9492
5714	85.9694
5715	85.9884
5716	86.0063
5717	86.0233
5718	86.0394
5719	86.055
5720	86.07
5721	86.0846
5722	86.0991
5723	86.1135
5724	86.1281
5725	86.1431
5726	86.1586
5727	86.1749
5728	86.1921
5729	86.2104
5730	86.23
5731	86.2511
5732	86.2736
5733	86.2977
5734	86.3233
5735	86.3505
5736	86.3792
5737	86.4095
5738	86.4414
5739	86.4749
5740	86.51
5741	86.5468
5742	86.5853
5743	86.6256
5744	86.668
5745	86.7124
5746	86.7591
5747	86.808
5748	86.8594
5749	86.9134
5750	86.97
5751	87.0294
5752	87.0915
5753	87.1565
5754	87.2242
5755	87.2948
5756	87.3682
5757	87.4444
5758	87.5234
5759	87.6053
5760	87.69
5761	87.7775
5762	87.8677
5763	87.9603
5764	88.0552
5765	88.1521
5766	88.2508
5767	88.3512
5768	88.453
5769	88.556
5770	88.66
5771	88.7648
5772	88.8704
5773	88.9766
5774	89.0833
5775	89.1905
5776	89.2981
5777	89.4059
5778	89.5139
5779	89.6219
5780	89.73
5781	89.838
5782	89.9458
5783	90.0535
5784	90.161
5785	90.2683
5786	90.3753
5787	90.482
5788	90.5884
5789	90.6944
5790	90.8
5791	90.9052
5792	91.0096
5793	91.1132
5794	91.2155
5795	91.3164
5796	91.4156
5797	91.5128
5798	91.6077
5799	91.7002
5800	91.79
5801	91.8768
5802	91.9606
5803	92.0413
5804	92.119
5805	92.1936
5806	92.2652
5807	92.3336
5808	92.3989
5809	92.461
5810	92.52
5811	92.5758
5812	92.6285
5813	92.6782
5814	92.725
5815	92.769
5816	92.8103
5817	92.8489
5818	92.885
5819	92.9187
5820	92.95
5821	92.979
5822	93.0058
5823	93.0301
5824	93.0521
5825	93.0715
5826	93.0885
5827	93.1029
5828	93.1146
5829	93.1237
5830	93.13
5831	93.1336
5832	93.1344
5833	93.1325
5834	93.128
5835	93.121
5836	93.1116
5837	93.0996
5838	93.0854
5839	93.0688
5840	93.05
5841	93.0291
5842	93.0063
5843	92.9821
5844	92.9567
5845	92.9305
5846	92.9039
5847	92.8772
5848	92.8508
5849	92.8249
5850	92.8
5851	92.7763
5852	92.7538
5853	92.7325
5854	92.7123
5855	92.6931
5856	92.6748
5857	92.6575
5858	92.6409
5859	92.6251
5860	92.61
5861	92.5955
5862	92.5817
5863	92.5686
5864	92.5562
5865	92.5446
5866	92.5338
5867	92.524
5868	92.515
5869	92.507
5870	92.5
5871	92.4941
5872	92.4894
5873	92.4862
5874	92.4845
5875	92.4847
5876	92.487
5877	92.4914
5878	92.4983
5879	92.5077
5880	92.52
5881	92.5352
5882	92.5532
5883	92.5739
5884	92.5971
5885	92.6226
5886	92.6504
5887	92.6801
5888	92.7118
5889	92.7451
5890	92.78
5891	92.8163
5892	92.8539
5893	92.8929
5894	92.9332
5895	92.9747
5896	93.0174
5897	93.0614
5898	93.1065
5899	93.1527
5900	93.2
5901	93.2484
5902	93.2978
5903	93.3483
5904	93.3998
5905	93.4523
5906	93.5058
5907	93.5604
5908	93.6159
5909	93.6725
5910	93.73
5911	93.7885
5912	93.8477
5913	93.9074
5914	93.9673
5915	94.0274
5916	94.0872
5917	94.1466
5918	94.2054
5919	94.2632
5920	94.32
5921	94.3754
5922	94.4295
5923	94.4822
5924	94.5335
5925	94.5833
5926	94.6317
5927	94.6785
5928	94.7239
5929	94.7677
5930	94.81
5931	94.8507
5932	94.8897
5933	94.9269
5934	94.9623
5935	94.9957
5936	95.0271
5937	95.0563
5938	95.0832
5939	95.1078
5940	95.13
5941	95.1496
5942	95.1667
5943	95.181
5944	95.1926
5945	95.2013
5946	95.2072
5947	95.21
5948	95.2098
5949	95.2065
5950	95.2
5951	95.1902
5952	95.1773
5953	95.1612
5954	95.1422
5955	95.1202
5956	95.0954
5957	95.0679
5958	95.0378
5959	95.0051
5960	94.97
5961	94.9325
5962	94.8927
5963	94.8505
5964	94.806
5965	94.7591
5966	94.71
5967	94.6584
5968	94.6046
5969	94.5485
5970	94.49
5971	94.4293
5972	94.3664
5973	94.3016
5974	94.2351
5975	94.167
5976	94.0976
5977	94.027
5978	93.9554
5979	93.883
5980	93.81
5981	93.7366
5982	93.6628
5983	93.5888
5984	93.5146
5985	93.4403
5986	93.3659
5987	93.2917
5988	93.2175
5989	93.1436
5990	93.07
5991	92.9967
5992	92.9239
5993	92.8515
5994	92.7796
5995	92.7082
5996	92.6373
5997	92.567
5998	92.4973
5999	92.4283
6000	92.36
6001	92.2924
6002	92.2257
6003	92.16
6004	92.0954
6005	92.0321
6006	91.9702
6007	91.91
6008	91.8514
6009	91.7947
6010	91.74
6011	91.6874
6012	91.637
6013	91.5887
6014	91.5425
6015	91.4985
6016	91.4565
6017	91.4167
6018	91.379
6019	91.3435
6020	91.31
6021	91.2786
6022	91.2495
6023	91.2225
6024	91.1978
6025	91.1753
6026	91.1553
6027	91.1377
6028	91.1226
6029	91.11
6030	91.1
6031	91.0926
6032	91.0879
6033	91.0857
6034	91.086
6035	91.0889
6036	91.0943
6037	91.1021
6038	91.1124
6039	91.125
6040	91.14
6041	91.1574
6042	91.177
6043	91.1991
6044	91.2235
6045	91.2503
6046	91.2794
6047	91.311
6048	91.3449
6049	91.3812
6050	91.42
6051	91.4612
6052	91.5046
6053	91.5502
6054	91.5979
6055	91.6475
6056	91.6989
6057	91.752
6058	91.8066
6059	91.8627
6060	91.92
6061	91.9785
6062	92.0382
6063	92.0989
6064	92.1607
6065	92.2234
6066	92.2871
6067	92.3516
6068	92.417
6069	92.4831
6070	92.55
6071	92.6175
6072	92.6857
6073	92.7545
6074	92.8239
6075	92.8938
6076	92.9642
6077	93.035
6078	93.1063
6079	93.178
6080	93.25
6081	93.3224
6082	93.395
6083	93.4678
6084	93.5409
6085	93.614
6086	93.6872
6087	93.7605
6088	93.8338
6089	93.9069
6090	93.98
6091	94.0529
6092	94.1256
6093	94.1979
6094	94.2699
6095	94.3415
6096	94.4125
6097	94.4829
6098	94.5527
6099	94.6218
6100	94.69
6101	94.7574
6102	94.8239
6103	94.8894
6104	94.954
6105	95.0177
6106	95.0803
6107	95.1418
6108	95.2023
6109	95.2617
6110	95.32
6111	95.3771
6112	95.433
6113	95.4876
6114	95.5409
6115	95.5928
6116	95.6433
6117	95.6924
6118	95.7399
6119	95.7857
6120	95.83
6121	95.8726
6122	95.9136
6123	95.9532
6124	95.9914
6125	96.0284
6126	96.0644
6127	96.0994
6128	96.1336
6129	96.1671
6130	96.2
6131	96.2324
6132	96.2644
6133	96.2959
6134	96.3268
6135	96.3572
6136	96.387
6137	96.4162
6138	96.4448
6139	96.4727
6140	96.5
6141	96.5266
6142	96.5523
6143	96.5773
6144	96.6012
6145	96.6241
6146	96.6459
6147	96.6665
6148	96.6857
6149	96.7036
6150	96.72
6151	96.7349
6152	96.7483
6153	96.7604
6154	96.7713
6155	96.7813
6156	96.7903
6157	96.7985
6158	96.8061
6159	96.8133
6160	96.82
6161	96.8265
6162	96.8328
6163	96.8389
6164	96.8449
6165	96.8508
6166	96.8566
6167	96.8624
6168	96.8682
6169	96.8741
6170	96.88
6171	96.886
6172	96.8919
6173	96.8977
6174	96.9031
6175	96.9081
6176	96.9123
6177	96.9158
6178	96.9184
6179	96.9198
6180	96.92
6181	96.9188
6182	96.9164
6183	96.9129
6184	96.9085
6185	96.9032
6186	96.8973
6187	96.8909
6188	96.8841
6189	96.8771
6190	96.87
6191	96.863
6192	96.856
6193	96.8491
6194	96.8422
6195	96.8353
6196	96.8284
6197	96.8214
6198	96.8144
6199	96.8072
6200	96.8
6201	96.7926
6202	96.7851
6203	96.7773
6204	96.7691
6205	96.7606
6206	96.7517
6207	96.7422
6208	96.7321
6209	96.7214
6210	96.71
6211	96.6978
6212	96.6848
6213	96.671
6214	96.6564
6215	96.6409
6216	96.6246
6217	96.6073
6218	96.5892
6219	96.5701
6220	96.55
6221	96.529
6222	96.5071
6223	96.4844
6224	96.461
6225	96.4369
6226	96.4123
6227	96.3872
6228	96.3617
6229	96.336
6230	96.31
6231	96.2839
6232	96.2577
6233	96.2314
6234	96.2051
6235	96.1789
6236	96.1528
6237	96.1268
6238	96.101
6239	96.0754
6240	96.05
6241	96.0249
6242	96.0001
6243	95.9754
6244	95.9508
6245	95.9261
6246	95.9014
6247	95.8765
6248	95.8513
6249	95.8259
6250	95.8
6251	95.7737
6252	95.7469
6253	95.7197
6254	95.692
6255	95.6641
6256	95.6358
6257	95.6072
6258	95.5784
6259	95.5493
6260	95.52
6261	95.4906
6262	95.4611
6263	95.4317
6264	95.4026
6265	95.3738
6266	95.3455
6267	95.3178
6268	95.2909
6269	95.265
6270	95.24
6271	95.2162
6272	95.1934
6273	95.1717
6274	95.1508
6275	95.1308
6276	95.1115
6277	95.0929
6278	95.0748
6279	95.0572
6280	95.04
6281	95.0231
6282	95.0067
6283	94.9907
6284	94.9753
6285	94.9606
6286	94.9466
6287	94.9335
6288	94.9213
6289	94.9101
6290	94.9
6291	94.8911
6292	94.8834
6293	94.8768
6294	94.8713
6295	94.8669
6296	94.8635
6297	94.8612
6298	94.8598
6299	94.8594
6300	94.86
6301	94.8615
6302	94.8638
6303	94.867
6304	94.871
6305	94.8757
6306	94.8812
6307	94.8874
6308	94.8943
6309	94.9019
6310	94.91
6311	94.9187
6312	94.9282
6313	94.9384
6314	94.9494
6315	94.9615
6316	94.9746
6317	94.989
6318	95.0046
6319	95.0215
6320	95.04
6321	95.06
6322	95.0815
6323	95.1042
6324	95.1282
6325	95.1533
6326	95.1792
6327	95.206
6328	95.2335
6329	95.2615
6330	95.29
6331	95.3188
6332	95.3478
6333	95.3772
6334	95.4068
6335	95.4367
6336	95.4668
6337	95.4973
6338	95.5279
6339	95.5588
6340	95.59
6341	95.6214
6342	95.6531
6343	95.685
6344	95.7173
6345	95.75
6346	95.7831
6347	95.8166
6348	95.8505
6349	95.885
6350	95.92
6351	95.9555
6352	95.9915
6353	96.0278
6354	96.0642
6355	96.1007
6356	96.1372
6357	96.1735
6358	96.2095
6359	96.245
6360	96.28
6361	96.3143
6362	96.3479
6363	96.3806
6364	96.4124
6365	96.4432
6366	96.473
6367	96.5016
6368	96.5291
6369	96.5552
6370	96.58
6371	96.6034
6372	96.6255
6373	96.6466
6374	96.6668
6375	96.6863
6376	96.7053
6377	96.724
6378	96.7426
6379	96.7612
6380	96.78
6381	96.7992
6382	96.8187
6383	96.8384
6384	96.8581
6385	96.8777
6386	96.8971
6387	96.9161
6388	96.9347
6389	96.9527
6390	96.97
6391	96.9864
6392	97.002
6393	97.0166
6394	97.0303
6395	97.043
6396	97.0546
6397	97.0651
6398	97.0746
6399	97.0829
6400	97.09
6401	97.0959
6402	97.1007
6403	97.1044
6404	97.1072
6405	97.1092
6406	97.1105
6407	97.1111
6408	97.1111
6409	97.1107
6410	97.11
6411	97.109
6412	97.1077
6413	97.1062
6414	97.1045
6415	97.1026
6416	97.1005
6417	97.0981
6418	97.0956
6419	97.0929
6420	97.09
6421	97.0869
6422	97.0837
6423	97.0803
6424	97.0767
6425	97.0729
6426	97.0688
6427	97.0645
6428	97.06
6429	97.0551
6430	97.05
6431	97.0446
6432	97.0389
6433	97.0331
6434	97.027
6435	97.0209
6436	97.0147
6437	97.0084
6438	97.0022
6439	96.996
6440	96.99
6441	96.9841
6442	96.9784
6443	96.9728
6444	96.9675
6445	96.9623
6446	96.9574
6447	96.9527
6448	96.9482
6449	96.944
6450	96.94
6451	96.9363
6452	96.933
6453	96.9299
6454	96.9272
6455	96.9249
6456	96.923
6457	96.9216
6458	96.9205
6459	96.92
6460	96.92
6461	96.9205
6462	96.9216
6463	96.9232
6464	96.9253
6465	96.928
6466	96.9313
6467	96.9351
6468	96.9395
6469	96.9445
6470	96.95
6471	96.9561
6472	96.9627
6473	96.9699
6474	96.9774
6475	96.9854
6476	96.9938
6477	97.0024
6478	97.0114
6479	97.0206
6480	97.03
6481	97.0396
6482	97.0492
6483	97.0591
6484	97.069
6485	97.079
6486	97.0891
6487	97.0993
6488	97.1095
6489	97.1197
6490	97.13
6491	97.1403
6492	97.1506
6493	97.161
6494	97.1715
6495	97.1823
6496	97.1932
6497	97.2044
6498	97.2159
6499	97.2277
6500	97.24
6501	97.2527
6502	97.2657
6503	97.2792
6504	97.2929
6505	97.3069
6506	97.3212
6507	97.3357
6508	97.3503
6509	97.3651
6510	97.38
6511	97.3949
6512	97.4097
6513	97.4244
6514	97.4387
6515	97.4525
6516	97.4657
6517	97.4782
6518	97.4898
6519	97.5005
6520	97.51
6521	97.5183
6522	97.5255
6523	97.5318
6524	97.5372
6525	97.5419
6526	97.546
6527	97.5498
6528	97.5533
6529	97.5566
6530	97.56
6531	97.5635
6532	97.5671
6533	97.5706
6534	97.5741
6535	97.5775
6536	97.5807
6537	97.5836
6538	97.5862
6539	97.5883
6540	97.59
6541	97.5911
6542	97.5915
6543	97.5912
6544	97.5901
6545	97.588
6546	97.5849
6547	97.5806
6548	97.5751
6549	97.5683
6550	97.56
6551	97.5503
6552	97.5392
6553	97.5271
6554	97.5141
6555	97.5004
6556	97.4864
6557	97.4721
6558	97.4577
6559	97.4437
6560	97.43
6561	97.4169
6562	97.4043
6563	97.3921
6564	97.3799
6565	97.3677
6566	97.3553
6567	97.3425
6568	97.3291
6569	97.315
6570	97.3
6571	97.2839
6572	97.2669
6573	97.2491
6574	97.2304
6575	97.2112
6576	97.1915
6577	97.1714
6578	97.151
6579	97.1305
6580	97.11
6581	97.0895
6582	97.0692
6583	97.0489
6584	97.0287
6585	97.0087
6586	96.9887
6587	96.9688
6588	96.9491
6589	96.9295
6590	96.91
6591	96.8906
6592	96.8714
6593	96.8522
6594	96.8332
6595	96.8142
6596	96.7953
6597	96.7764
6598	96.7576
6599	96.7388
6600	96.72
6601	96.7012
6602	96.6825
6603	96.6639
6604	96.6455
6605	96.6272
6606	96.6091
6607	96.5913
6608	96.5738
6609	96.5567
6610	96.54
6611	96.5237
6612	96.5078
6613	96.4923
6614	96.4771
6615	96.4621
6616	96.4474
6617	96.4329
6618	96.4185
6619	96.4042
6620	96.39
6621	96.3758
6622	96.3618
6623	96.3483
6624	96.3353
6625	96.323
6626	96.3117
6627	96.3016
6628	96.2928
6629	96.2856
6630	96.28
6631	96.2763
6632	96.2743
6633	96.2739
6634	96.2748
6635	96.277
6636	96.2802
6637	96.2843
6638	96.2891
6639	96.2944
6640	96.3
6641	96.3058
6642	96.3118
6643	96.3179
6644	96.324
6645	96.3301
6646	96.3363
6647	96.3424
6648	96.3484
6649	96.3543
6650	96.36
6651	96.3656
6652	96.3711
6653	96.3767
6654	96.3825
6655	96.3887
6656	96.3954
6657	96.4027
6658	96.4109
6659	96.4199
6660	96.43
6661	96.4413
6662	96.4535
6663	96.4667
6664	96.4806
6665	96.495
6666	96.5099
6667	96.525
6668	96.5401
6669	96.5552
6670	96.57
6671	96.5845
6672	96.5987
6673	96.6127
6674	96.6268
6675	96.6411
6676	96.6557
6677	96.6707
6678	96.6864
6679	96.7027
6680	96.72
6681	96.7383
6682	96.7574
6683	96.7774
6684	96.7981
6685	96.8193
6686	96.841
6687	96.863
6688	96.8853
6689	96.9076
6690	96.93
6691	96.9523
6692	96.9744
6693	96.9963
6694	97.0179
6695	97.0393
6696	97.0603
6697	97.0809
6698	97.1011
6699	97.1208
6700	97.14
6701	97.1586
6702	97.1767
6703	97.1944
6704	97.2116
6705	97.2285
6706	97.2451
6707	97.2615
6708	97.2778
6709	97.2939
6710	97.31
6711	97.3261
6712	97.3421
6713	97.358
6714	97.3737
6715	97.3892
6716	97.4043
6717	97.419
6718	97.4332
6719	97.4469
6720	97.46
6721	97.4724
6722	97.4842
6723	97.4954
6724	97.506
6725	97.5161
6726	97.5257
6727	97.5348
6728	97.5436
6729	97.552
6730	97.56
6731	97.5677
6732	97.5752
6733	97.5822
6734	97.5889
6735	97.5953
6736	97.6011
6737	97.6066
6738	97.6116
6739	97.616
6740	97.62
6741	97.6234
6742	97.6263
6743	97.6286
6744	97.6304
6745	97.6317
6746	97.6324
6747	97.6326
6748	97.6322
6749	97.6314
6750	97.63
6751	97.6281
6752	97.6257
6753	97.6228
6754	97.6194
6755	97.6156
6756	97.6113
6757	97.6066
6758	97.6015
6759	97.5959
6760	97.59
6761	97.5837
6762	97.5771
6763	97.5702
6764	97.5631
6765	97.5559
6766	97.5486
6767	97.5413
6768	97.5341
6769	97.527
6770	97.52
6771	97.5132
6772	97.5066
6773	97.4999
6774	97.493
6775	97.4858
6776	97.4781
6777	97.4698
6778	97.4608
6779	97.4509
6780	97.44
6781	97.428
6782	97.4149
6783	97.4008
6784	97.3857
6785	97.3698
6786	97.3531
6787	97.3357
6788	97.3177
6789	97.2991
6790	97.28
6791	97.2605
6792	97.2405
6793	97.22
6794	97.199
6795	97.1775
6796	97.1553
6797	97.1325
6798	97.1091
6799	97.0849
6800	97.06
6801	97.0343
6802	97.0077
6803	96.9801
6804	96.9514
6805	96.9216
6806	96.8903
6807	96.8577
6808	96.8235
6809	96.7876
6810	96.75
6811	96.7105
6812	96.6691
6813	96.6257
6814	96.5802
6815	96.5326
6816	96.4827
6817	96.4306
6818	96.3762
6819	96.3193
6820	96.26
6821	96.1981
6822	96.1337
6823	96.0667
6824	95.9969
6825	95.9245
6826	95.8493
6827	95.7713
6828	95.6904
6829	95.6067
6830	95.52
6831	95.4303
6832	95.3374
6833	95.241
6834	95.141
6835	95.037
6836	94.9289
6837	94.8163
6838	94.6992
6839	94.5771
6840	94.45
6841	94.3175
6842	94.1797
6843	94.0362
6844	93.8872
6845	93.7325
6846	93.5719
6847	93.4055
6848	93.2331
6849	93.0546
6850	92.87
6851	92.6791
6852	92.482
6853	92.2786
6854	92.069
6855	91.8531
6856	91.6309
6857	91.4026
6858	91.168
6859	90.9271
6860	90.68
6861	90.4266
6862	90.1668
6863	89.9003
6864	89.627
6865	89.3465
6866	89.0587
6867	88.7634
6868	88.4603
6869	88.1492
6870	87.83
6871	87.5024
6872	87.1661
6873	86.821
6874	86.4668
6875	86.1034
6876	85.7306
6877	85.348
6878	84.9555
6879	84.5529
6880	84.14
6881	83.7166
6882	83.283
6883	82.8396
6884	82.3867
6885	81.9247
6886	81.4539
6887	80.9747
6888	80.4874
6889	79.9924
6890	79.49
6891	78.9806
6892	78.4641
6893	77.9406
6894	77.4102
6895	76.8727
6896	76.3282
6897	75.7767
6898	75.2181
6899	74.6526
6900	74.08
6901	73.5004
6902	72.9141
6903	72.321
6904	71.7215
6905	71.1158
6906	70.504
6907	69.8864
6908	69.263
6909	68.6342
6910	68
6911	67.3608
6912	66.717
6913	66.069
6914	65.4175
6915	64.7628
6916	64.1055
6917	63.4461
6918	62.785
6919	62.1228
6920	61.46
6921	60.797
6922	60.1338
6923	59.4706
6924	58.8074
6925	58.1442
6926	57.4811
6927	56.8181
6928	56.1552
6929	55.4925
6930	54.83
6931	54.1678
6932	53.506
6933	52.8446
6934	52.1839
6935	51.524
6936	50.8649
6937	50.2069
6938	49.55
6939	48.8943
6940	48.24
6941	47.5873
6942	46.9364
6943	46.288
6944	45.6423
6945	44.9998
6946	44.3609
6947	43.7261
6948	43.0957
6949	42.4702
6950	41.85
6951	41.2355
6952	40.6267
6953	40.0238
6954	39.4267
6955	38.8356
6956	38.2504
6957	37.6712
6958	37.098
6959	36.531
6960	35.97
6961	35.4152
6962	34.8665
6963	34.3239
6964	33.7873
6965	33.2566
6966	32.7318
6967	32.2127
6968	31.6995
6969	31.1919
6970	30.69
6971	30.1937
6972	29.703
6973	29.218
6974	28.7389
6975	28.2656
6976	27.7983
6977	27.337
6978	26.8818
6979	26.4328
6980	25.99
6981	25.5536
6982	25.1234
6983	24.6997
6984	24.2822
6985	23.871
6986	23.4662
6987	23.0677
6988	22.6755
6989	22.2896
6990	21.91
6991	21.5367
6992	21.1695
6993	20.8082
6994	20.4527
6995	20.1027
6996	19.7582
6997	19.4188
6998	19.0844
6999	18.7549
7000	18.43
7001	18.1096
7002	17.7937
7003	17.4823
7004	17.1753
7005	16.873
7006	16.5752
7007	16.282
7008	15.9933
7009	15.7094
7010	15.43
7011	15.1553
7012	14.8853
7013	14.6198
7014	14.359
7015	14.1028
7016	13.8512
7017	13.6041
7018	13.3615
7019	13.1235
7020	12.89
7021	12.661
7022	12.4363
7023	12.2158
7024	11.9994
7025	11.787
7026	11.5785
7027	11.3736
7028	11.1723
7029	10.9745
7030	10.78
7031	10.5887
7032	10.4006
7033	10.2156
7034	10.0337
7035	9.855
7036	9.6793
7037	9.5067
7038	9.3371
7039	9.1706
7040	9.007
7041	8.8464
7042	8.6887
7043	8.534
7044	8.3822
7045	8.2332
7046	8.087
7047	7.9436
7048	7.803
7049	7.6651
7050	7.53
7051	7.3975
7052	7.2676
7053	7.1403
7054	7.0153
7055	6.8927
7056	6.7722
7057	6.654
7058	6.5377
7059	6.4234
7060	6.311
7061	6.2004
7062	6.0915
7063	5.9844
7064	5.8792
7065	5.7757
7066	5.6741
7067	5.5743
7068	5.4763
7069	5.3802
7070	5.286
7071	5.1936
7072	5.1031
7073	5.0143
7074	4.9273
7075	4.842
7076	4.7583
7077	4.6762
7078	4.5956
7079	4.5166
7080	4.439
7081	4.3628
7082	4.288
7083	4.2146
7084	4.1424
7085	4.0715
7086	4.0019
7087	3.9334
7088	3.8662
7089	3.8
7090	3.735
7091	3.671
7092	3.6082
7093	3.5463
7094	3.4856
7095	3.4259
7096	3.3672
7097	3.3096
7098	3.253
7099	3.1975
7100	3.143
7101	3.0895
7102	3.0371
7103	2.9857
7104	2.9352
7105	2.8857
7106	2.8371
7107	2.7895
7108	2.7428
7109	2.697
7110	2.652
7111	2.6079
7112	2.5646
7113	2.5222
7114	2.4805
7115	2.4396
7116	2.3994
7117	2.36
7118	2.3213
7119	2.2833
7120	2.246
7121	2.2093
7122	2.1733
7123	2.1379
7124	2.103
7125	2.0688
7126	2.0352
7127	2.0021
7128	1.9695
7129	1.9375
7130	1.906
7131	1.875
7132	1.8445
7133	1.8145
7134	1.785
7135	1.756
7136	1.7275
7137	1.6996
7138	1.6722
7139	1.6453
7140	1.619
7141	1.5932
7142	1.5679
7143	1.5432
7144	1.5189
7145	1.495
7146	1.4716
7147	1.4486
7148	1.4261
7149	1.4039
7150	1.382
7151	1.3605
7152	1.3393
7153	1.3184
7154	1.2979
7155	1.2776
7156	1.2577
7157	1.2381
7158	1.2188
7159	1.1997
7160	1.181
7161	1.1625
7162	1.1444
7163	1.1265
7164	1.1089
7165	1.0916
7166	1.0747
7167	1.058
7168	1.0417
7169	1.0257
7170	1.01
7171	0.9947
7172	0.9796
7173	0.9649
7174	0.9505
7175	0.9364
7176	0.9226
7177	0.909
7178	0.8957
7179	0.8826
7180	0.8698
7181	0.8572
7182	0.8448
7183	0.8326
7184	0.8207
7185	0.8089
7186	0.7973
7187	0.7858
7188	0.7745
7189	0.7633
7190	0.7523
7191	0.7414
7192	0.7306
7193	0.72
7194	0.7095
7195	0.6992
7196	0.689
7197	0.679
7198	0.6691
7199	0.6595
7200	0.65
7201	0.6407
7202	0.6316
7203	0.6227
7204	0.614
7205	0.6054
7206	0.597
7207	0.5887
7208	0.5806
7209	0.5725
7210	0.5646
7211	0.5568
7212	0.5491
7213	0.5415
7214	0.534
7215	0.5266
7216	0.5193
7217	0.5121
7218	0.5051
7219	0.4981
7220	0.4913
7221	0.4846
7222	0.478
7223	0.4715
7224	0.4651
7225	0.4589
7226	0.4527
7227	0.4466
7228	0.4406
7229	0.4347
7230	0.4288
7231	0.423
7232	0.4173
7233	0.4117
7234	0.4061
7235	0.4006
7236	0.3951
7237	0.3897
7238	0.3843
7239	0.379
7240	0.3738
7241	0.3686
7242	0.3635
7243	0.3584
7244	0.3534
7245	0.3484
7246	0.3436
7247	0.3388
7248	0.3341
7249	0.3295
7250	0.325
7251	0.3206
7252	0.3163
7253	0.3121
7254	0.308
7255	0.304
7256	0.3001
7257	0.2962
7258	0.2925
7259	0.2889
7260	0.2853
7261	0.2818
7262	0.2784
7263	0.2751
7264	0.2718
7265	0.2686
7266	0.2655
7267	0.2624
7268	0.2593
7269	0.2563
7270	0.2533
7271	0.2503
7272	0.2474
7273	0.2445
7274	0.2416
7275	0.2387
7276	0.2358
7277	0.2329
7278	0.2301
7279	0.2272
7280	0.2243
7281	0.2214
7282	0.2185
7283	0.2157
7284	0.2128
7285	0.21
7286	0.2072
7287	0.2045
7288	0.2019
7289	0.1993
7290	0.1968
7291	0.1944
7292	0.1921
7293	0.1899
7294	0.1877
7295	0.1856
7296	0.1836
7297	0.1815
7298	0.1795
7299	0.1775
7300	0.1755
7301	0.1735
7302	0.1714
7303	0.1694
7304	0.1674
7305	0.1654
7306	0.1634
7307	0.1614
7308	0.1594
7309	0.1575
7310	0.1556
7311	0.1538
7312	0.152
7313	0.1502
7314	0.1485
7315	0.1468
7316	0.1451
7317	0.1435
7318	0.142
7319	0.1404
7320	0.1389
7321	0.1374
7322	0.136
7323	0.1345
7324	0.1331
7325	0.1317
7326	0.1304
7327	0.129
7328	0.1277
7329	0.1264
7330	0.1251
7331	0.1238
7332	0.1226
7333	0.1213
7334	0.1201
7335	0.1189
7336	0.1177
7337	0.1165
7338	0.1153
7339	0.1141
7340	0.1129
7341	0.1117
7342	0.1105
7343	0.1094
7344	0.1082
7345	0.107
7346	0.1057
7347	0.1045
7348	0.1033
7349	0.102
7350	0.1007
