3013	0.101
3014	0.11
3015	0.119
3016	0.129
3017	0.14
3018	0.152
3019	0.166
3020	0.18
3021	0.195
3022	0.212
3023	0.23
3024	0.248
3025	0.268
3026	0.288
3027	0.31
3028	0.332
3029	0.356
3030	0.38
3031	0.405
3032	0.431
3033	0.458
3034	0.487
3035	0.516
3036	0.547
3037	0.58
3038	0.615
3039	0.651
3040	0.69
3041	0.731
3042	0.774
3043	0.819
3044	0.867
3045	0.916
3046	0.968
3047	1.023
3048	1.079
3049	1.139
3050	1.2
3051	1.264
3052	1.33
3053	1.399
3054	1.471
3055	1.545
3056	1.622
3057	1.702
3058	1.785
3059	1.871
3060	1.96
3061	2.052
3062	2.148
3063	2.247
3064	2.349
3065	2.456
3066	2.566
3067	2.681
3068	2.799
3069	2.922
3070	3.05
3071	3.182
3072	3.32
3073	3.461
3074	3.608
3075	3.76
3076	3.916
3077	4.077
3078	4.243
3079	4.414
3080	4.59
3081	4.771
3082	4.956
3083	5.147
3084	5.341
3085	5.54
3086	5.742
3087	5.949
3088	6.159
3089	6.373
3090	6.59
3091	6.81
3092	7.033
3093	7.259
3094	7.488
3095	7.72
3096	7.955
3097	8.192
3098	8.432
3099	8.675
3100	8.92
3101	9.168
3102	9.418
3103	9.67
3104	9.925
3105	10.181
3106	10.44
3107	10.7
3108	10.962
3109	11.225
3110	11.49
3111	11.756
3112	12.024
3113	12.292
3114	12.562
3115	12.834
3116	13.106
3117	13.38
3118	13.656
3119	13.932
3120	14.21
3121	14.489
3122	14.77
3123	15.052
3124	15.336
3125	15.621
3126	15.907
3127	16.195
3128	16.485
3129	16.777
3130	17.07
3131	17.365
3132	17.662
3133	17.96
3134	18.261
3135	18.563
3136	18.867
3137	19.172
3138	19.48
3139	19.789
3140	20.1
3141	20.413
3142	20.728
3143	21.045
3144	21.364
3145	21.686
3146	22.011
3147	22.338
3148	22.669
3149	23.003
3150	23.34
3151	23.681
3152	24.025
3153	24.373
3154	24.724
3155	25.079
3156	25.437
3157	25.798
3158	26.162
3159	26.53
3160	26.9
3161	27.273
3162	27.649
3163	28.027
3164	28.405
3165	28.785
3166	29.166
3167	29.546
3168	29.925
3169	30.303
3170	30.68
3171	31.054
3172	31.426
3173	31.793
3174	32.157
3175	32.515
3176	32.867
3177	33.212
3178	33.55
3179	33.879
3180	34.2
3181	34.511
3182	34.812
3183	35.104
3184	35.385
3185	35.657
3186	35.919
3187	36.172
3188	36.414
3189	36.647
3190	36.87
3191	37.083
3192	37.288
3193	37.484
3194	37.673
3195	37.855
3196	38.032
3197	38.204
3198	38.372
3199	38.537
3200	38.7
3201	38.861
3202	39.022
3203	39.183
3204	39.346
3205	39.511
3206	39.679
3207	39.851
3208	40.027
3209	40.21
3210	40.4
3211	40.597
3212	40.802
3213	41.015
3214	41.236
3215	41.466
3216	41.703
3217	41.949
3218	42.204
3219	42.468
3220	42.74
3221	43.021
3222	43.311
3223	43.608
3224	43.912
3225	44.223
3226	44.539
3227	44.861
3228	45.187
3229	45.517
3230	45.85
3231	46.186
3232	46.523
3233	46.861
3234	47.2
3235	47.537
3236	47.873
3237	48.206
3238	48.535
3239	48.86
3240	49.18
3241	49.494
3242	49.801
3243	50.101
3244	50.393
3245	50.677
3246	50.951
3247	51.217
3248	51.472
3249	51.717
3250	51.95
3251	52.172
3252	52.382
3253	52.582
3254	52.77
3255	52.948
3256	53.116
3257	53.273
3258	53.422
3259	53.56
3260	53.69
3261	53.811
3262	53.924
3263	54.031
3264	54.132
3265	54.229
3266	54.321
3267	54.412
3268	54.501
3269	54.59
3270	54.68
3271	54.771
3272	54.865
3273	54.962
3274	55.063
3275	55.169
3276	55.28
3277	55.397
3278	55.52
3279	55.651
3280	55.79
3281	55.937
3282	56.094
3283	56.258
3284	56.431
3285	56.613
3286	56.802
3287	57
3288	57.205
3289	57.419
3290	57.64
3291	57.869
3292	58.105
3293	58.348
3294	58.597
3295	58.853
3296	59.114
3297	59.381
3298	59.653
3299	59.929
3300	60.21
3301	60.495
3302	60.782
3303	61.072
3304	61.363
3305	61.654
3306	61.944
3307	62.233
3308	62.519
3309	62.802
3310	63.08
3311	63.353
3312	63.62
3313	63.881
3314	64.136
3315	64.383
3316	64.623
3317	64.855
3318	65.079
3319	65.294
3320	65.5
3321	65.696
3322	65.883
3323	66.061
3324	66.231
3325	66.391
3326	66.544
3327	66.689
3328	66.827
3329	66.957
3330	67.08
3331	67.197
3332	67.307
3333	67.412
3334	67.511
3335	67.606
3336	67.696
3337	67.782
3338	67.864
3339	67.944
3340	68.02
3341	68.094
3342	68.166
3343	68.237
3344	68.306
3345	68.373
3346	68.44
3347	68.505
3348	68.57
3349	68.635
3350	68.7
3351	68.765
3352	68.83
3353	68.895
3354	68.96
3355	69.024
3356	69.089
3357	69.152
3358	69.216
3359	69.278
3360	69.34
3361	69.401
3362	69.461
3363	69.52
3364	69.578
3365	69.635
3366	69.691
3367	69.745
3368	69.798
3369	69.85
3370	69.9
3371	69.949
3372	69.996
3373	70.043
3374	70.088
3375	70.134
3376	70.179
3377	70.223
3378	70.268
3379	70.314
3380	70.36
3381	70.407
3382	70.455
3383	70.505
3384	70.557
3385	70.611
3386	70.667
3387	70.726
3388	70.787
3389	70.852
3390	70.92
3391	70.992
3392	71.068
3393	71.147
3394	71.23
3395	71.317
3396	71.408
3397	71.503
3398	71.601
3399	71.704
3400	71.81
3401	71.92
3402	72.034
3403	72.152
3404	72.273
3405	72.398
3406	72.526
3407	72.657
3408	72.792
3409	72.93
3410	73.07
3411	73.213
3412	73.359
3413	73.506
3414	73.654
3415	73.802
3416	73.951
3417	74.098
3418	74.244
3419	74.388
3420	74.53
3421	74.668
3422	74.803
3423	74.933
3424	75.057
3425	75.175
3426	75.287
3427	75.391
3428	75.486
3429	75.573
3430	75.65
3431	75.717
3432	75.772
3433	75.817
3434	75.851
3435	75.874
3436	75.885
3437	75.884
3438	75.871
3439	75.847
3440	75.81
3441	75.761
3442	75.699
3443	75.626
3444	75.542
3445	75.448
3446	75.343
3447	75.228
3448	75.104
3449	74.971
3450	74.83
3451	74.681
3452	74.525
3453	74.363
3454	74.196
3455	74.024
3456	73.85
3457	73.673
3458	73.496
3459	73.317
3460	73.14
3461	72.964
3462	72.791
3463	72.621
3464	72.456
3465	72.295
3466	72.141
3467	71.993
3468	71.853
3469	71.722
3470	71.6
3471	71.488
3472	71.387
3473	71.298
3474	71.219
3475	71.153
3476	71.098
3477	71.056
3478	71.027
3479	71.012
3480	71.01
3481	71.022
3482	71.048
3483	71.088
3484	71.141
3485	71.208
3486	71.288
3487	71.382
3488	71.488
3489	71.608
3490	71.74
3491	71.885
3492	72.042
3493	72.21
3494	72.388
3495	72.575
3496	72.772
3497	72.976
3498	73.188
3499	73.406
3500	73.63
3501	73.859
3502	74.091
3503	74.326
3504	74.562
3505	74.798
3506	75.033
3507	75.266
3508	75.496
3509	75.721
3510	75.94
3511	76.152
3512	76.357
3513	76.552
3514	76.737
3515	76.911
3516	77.073
3517	77.222
3518	77.357
3519	77.477
3520	77.58
3521	77.666
3522	77.736
3523	77.789
3524	77.825
3525	77.846
3526	77.85
3527	77.84
3528	77.815
3529	77.775
3530	77.72
3531	77.652
3532	77.57
3533	77.476
3534	77.37
3535	77.254
3536	77.128
3537	76.992
3538	76.849
3539	76.698
3540	76.54
3541	76.376
3542	76.208
3543	76.036
3544	75.86
3545	75.682
3546	75.503
3547	75.323
3548	75.144
3549	74.966
3550	74.79
3551	74.617
3552	74.448
3553	74.284
3554	74.125
3555	73.972
3556	73.827
3557	73.689
3558	73.56
3559	73.44
3560	73.33
3561	73.231
3562	73.144
3563	73.069
3564	73.006
3565	72.957
3566	72.922
3567	72.901
3568	72.895
3569	72.904
3570	72.93
3571	72.972
3572	73.03
3573	73.102
3574	73.189
3575	73.289
3576	73.4
3577	73.523
3578	73.656
3579	73.799
3580	73.95
3581	74.108
3582	74.273
3583	74.443
3584	74.616
3585	74.791
3586	74.967
3587	75.142
3588	75.315
3589	75.485
3590	75.65
3591	75.809
3592	75.961
3593	76.106
3594	76.242
3595	76.369
3596	76.486
3597	76.593
3598	76.688
3599	76.77
3600	76.84
3601	76.896
3602	76.937
3603	76.962
3604	76.971
3605	76.963
3606	76.936
3607	76.891
3608	76.825
3609	76.738
3610	76.63
3611	76.499
3612	76.347
3613	76.173
3614	75.979
3615	75.766
3616	75.535
3617	75.286
3618	75.019
3619	74.737
3620	74.44
3621	74.128
3622	73.804
3623	73.467
3624	73.119
3625	72.762
3626	72.396
3627	72.022
3628	71.643
3629	71.258
3630	70.87
3631	70.479
3632	70.086
3633	69.693
3634	69.299
3635	68.907
3636	68.517
3637	68.131
3638	67.748
3639	67.371
3640	67
3641	66.636
3642	66.28
3643	65.932
3644	65.594
3645	65.266
3646	64.948
3647	64.642
3648	64.348
3649	64.067
3650	63.8
3651	63.547
3652	63.308
3653	63.084
3654	62.875
3655	62.68
3656	62.5
3657	62.335
3658	62.185
3659	62.05
3660	61.93
3661	61.825
3662	61.735
3663	61.66
3664	61.599
3665	61.551
3666	61.516
3667	61.494
3668	61.484
3669	61.486
3670	61.5
3671	61.525
3672	61.56
3673	61.606
3674	61.661
3675	61.726
3676	61.8
3677	61.883
3678	61.974
3679	62.073
3680	62.18
3681	62.294
3682	62.414
3683	62.54
3684	62.671
3685	62.805
3686	62.943
3687	63.083
3688	63.225
3689	63.368
3690	63.51
3691	63.652
3692	63.791
3693	63.927
3694	64.06
3695	64.186
3696	64.307
3697	64.419
3698	64.523
3699	64.617
3700	64.7
3701	64.771
3702	64.829
3703	64.875
3704	64.906
3705	64.924
3706	64.928
3707	64.917
3708	64.89
3709	64.848
3710	64.79
3711	64.715
3712	64.625
3713	64.518
3714	64.395
3715	64.257
3716	64.103
3717	63.935
3718	63.751
3719	63.553
3720	63.34
3721	63.113
3722	62.873
3723	62.62
3724	62.355
3725	62.078
3726	61.791
3727	61.494
3728	61.187
3729	60.873
3730	60.55
3731	60.22
3732	59.884
3733	59.542
3734	59.195
3735	58.843
3736	58.487
3737	58.129
3738	57.767
3739	57.404
3740	57.04
3741	56.675
3742	56.31
3743	55.945
3744	55.582
3745	55.22
3746	54.86
3747	54.502
3748	54.148
3749	53.797
3750	53.45
3751	53.108
3752	52.77
3753	52.438
3754	52.11
3755	51.789
3756	51.473
3757	51.162
3758	50.858
3759	50.561
3760	50.27
3761	49.986
3762	49.709
3763	49.438
3764	49.174
3765	48.916
3766	48.665
3767	48.419
3768	48.18
3769	47.947
3770	47.72
3771	47.499
3772	47.283
3773	47.072
3774	46.866
3775	46.665
3776	46.468
3777	46.276
3778	46.087
3779	45.902
3780	45.72
3781	45.541
3782	45.365
3783	45.191
3784	45.02
3785	44.85
3786	44.682
3787	44.515
3788	44.35
3789	44.185
3790	44.02
3791	43.856
3792	43.691
3793	43.526
3794	43.36
3795	43.192
3796	43.023
3797	42.851
3798	42.677
3799	42.5
3800	42.32
3801	42.136
3802	41.949
3803	41.757
3804	41.561
3805	41.361
3806	41.156
3807	40.947
3808	40.733
3809	40.514
3810	40.29
3811	40.061
3812	39.826
3813	39.586
3814	39.342
3815	39.091
3816	38.835
3817	38.575
3818	38.308
3819	38.037
3820	37.76
3821	37.478
3822	37.19
3823	36.898
3824	36.601
3825	36.298
3826	35.991
3827	35.68
3828	35.364
3829	35.044
3830	34.72
3831	34.392
3832	34.06
3833	33.724
3834	33.385
3835	33.043
3836	32.697
3837	32.349
3838	31.999
3839	31.645
3840	31.29
3841	30.933
3842	30.573
3843	30.212
3844	29.85
3845	29.487
3846	29.122
3847	28.757
3848	28.392
3849	28.026
3850	27.66
3851	27.294
3852	26.929
3853	26.564
3854	26.2
3855	25.837
3856	25.474
3857	25.113
3858	24.754
3859	24.396
3860	24.04
3861	23.686
3862	23.334
3863	22.984
3864	22.636
3865	22.289
3866	21.945
3867	21.603
3868	21.264
3869	20.926
3870	20.59
3871	20.256
3872	19.925
3873	19.596
3874	19.269
3875	18.944
3876	18.622
3877	18.303
3878	17.986
3879	17.672
3880	17.36
3881	17.051
3882	16.745
3883	16.442
3884	16.142
3885	15.845
3886	15.55
3887	15.258
3888	14.969
3889	14.683
3890	14.4
3891	14.12
3892	13.842
3893	13.567
3894	13.295
3895	13.026
3896	12.76
3897	12.496
3898	12.235
3899	11.976
3900	11.72
3901	11.467
3902	11.216
3903	10.968
3904	10.723
3905	10.481
3906	10.242
3907	10.007
3908	9.774
3909	9.545
3910	9.32
3911	9.098
3912	8.88
3913	8.665
3914	8.454
3915	8.247
3916	8.043
3917	7.842
3918	7.644
3919	7.451
3920	7.26
3921	7.073
3922	6.889
3923	6.708
3924	6.53
3925	6.356
3926	6.185
3927	6.016
3928	5.851
3929	5.689
3930	5.53
3931	5.374
3932	5.221
3933	5.07
3934	4.923
3935	4.778
3936	4.637
3937	4.498
3938	4.363
3939	4.23
3940	4.1
3941	3.973
3942	3.849
3943	3.728
3944	3.61
3945	3.494
3946	3.382
3947	3.272
3948	3.165
3949	3.061
3950	2.96
3951	2.861
3952	2.766
3953	2.672
3954	2.582
3955	2.494
3956	2.408
3957	2.325
3958	2.245
3959	2.166
3960	2.09
3961	2.016
3962	1.944
3963	1.875
3964	1.807
3965	1.741
3966	1.678
3967	1.616
3968	1.555
3969	1.497
3970	1.44
3971	1.385
3972	1.331
3973	1.279
3974	1.229
3975	1.18
3976	1.133
3977	1.087
3978	1.043
3979	1.001
3980	0.96
3981	0.921
3982	0.883
3983	0.847
3984	0.813
3985	0.779
3986	0.747
3987	0.716
3988	0.687
3989	0.658
3990	0.63
3991	0.603
3992	0.577
3993	0.552
3994	0.527
3995	0.504
3996	0.482
3997	0.46
3998	0.439
3999	0.419
4000	0.4
4001	0.382
4002	0.365
4003	0.348
4004	0.332
4005	0.317
4006	0.302
4007	0.289
4008	0.275
4009	0.262
4010	0.25
4011	0.238
4012	0.227
4013	0.215
4014	0.205
4015	0.195
4016	0.185
4017	0.175
4018	0.166
4019	0.158
4020	0.15
4021	0.143
4022	0.135
4023	0.129
4024	0.122
4025	0.116
4026	0.111
4027	0.105
4028	0.1
4029	0.095
4030	0.09
4031	0.085
4032	0.081
4033	0.076
4034	0.071
4035	0.067
4036	0.063
4037	0.06
4038	0.056
4039	0.053
4040	0.05
4041	0.047
4042	0.045
4043	0.043
4044	0.041
4045	0.039
4046	0.037
4047	0.036
4048	0.034
4049	0.032
4050	0.03
4051	0.028
4052	0.025
4053	0.023
4054	0.021
4055	0.018
