7857	0.0183
7858	0.0188
7859	0.0193
7860	0.0198
7861	0.0203
7862	0.0209
7863	0.0214
7864	0.022
7865	0.0226
7866	0.0232
7867	0.0238
7868	0.0245
7869	0.0252
7870	0.0259
7871	0.0266
7872	0.0274
7873	0.0282
7874	0.0289
7875	0.0297
7876	0.0305
7877	0.0313
7878	0.0321
7879	0.0328
7880	0.0336
7881	0.0343
7882	0.0351
7883	0.0358
7884	0.0365
7885	0.0372
7886	0.038
7887	0.0387
7888	0.0395
7889	0.0403
7890	0.0412
7891	0.0421
7892	0.0431
7893	0.0441
7894	0.0451
7895	0.0462
7896	0.0473
7897	0.0484
7898	0.0496
7899	0.0507
7900	0.0519
7901	0.0531
7902	0.0543
7903	0.0555
7904	0.0567
7905	0.0579
7906	0.0591
7907	0.0604
7908	0.0616
7909	0.0628
7910	0.0641
7911	0.0654
7912	0.0666
7913	0.0679
7914	0.0693
7915	0.0706
7916	0.072
7917	0.0734
7918	0.0748
7919	0.0763
7920	0.0778
7921	0.0794
7922	0.081
7923	0.0827
7924	0.0844
7925	0.0862
7926	0.088
7927	0.0899
7928	0.0919
7929	0.094
7930	0.0961
7931	0.0983
7932	0.1006
7933	0.103
7934	0.1054
7935	0.108
7936	0.1106
7937	0.1133
7938	0.1162
7939	0.1191
7940	0.1221
7941	0.1252
7942	0.1284
7943	0.1317
7944	0.135
7945	0.1384
7946	0.1418
7947	0.1453
7948	0.1487
7949	0.1522
7950	0.1556
7951	0.159
7952	0.1624
7953	0.1657
7954	0.1691
7955	0.1726
7956	0.176
7957	0.1796
7958	0.1832
7959	0.1869
7960	0.1907
7961	0.1947
7962	0.1987
7963	0.2029
7964	0.2072
7965	0.2116
7966	0.2161
7967	0.2207
7968	0.2254
7969	0.2302
7970	0.235
7971	0.2399
7972	0.2449
7973	0.2499
7974	0.2551
7975	0.2604
7976	0.2657
7977	0.2712
7978	0.2768
7979	0.2825
7980	0.2884
7981	0.2944
7982	0.3006
7983	0.3069
7984	0.3134
7985	0.32
7986	0.3268
7987	0.3337
7988	0.3408
7989	0.3481
7990	0.3555
7991	0.3631
7992	0.3708
7993	0.3787
7994	0.3867
7995	0.3949
7996	0.4032
7997	0.4117
7998	0.4203
7999	0.429
8000	0.4379
8001	0.4469
8002	0.4561
8003	0.4653
8004	0.4748
8005	0.4843
8006	0.494
8007	0.5038
8008	0.5138
8009	0.5239
8010	0.5341
8011	0.5445
8012	0.555
8013	0.5657
8014	0.5766
8015	0.5877
8016	0.599
8017	0.6106
8018	0.6224
8019	0.6346
8020	0.647
8021	0.6597
8022	0.6728
8023	0.6862
8024	0.6998
8025	0.7138
8026	0.728
8027	0.7424
8028	0.7572
8029	0.7722
8030	0.7874
8031	0.8029
8032	0.8186
8033	0.8345
8034	0.8507
8035	0.8672
8036	0.8839
8037	0.9009
8038	0.9182
8039	0.9358
8040	0.9537
8041	0.9719
8042	0.9904
8043	1.0093
8044	1.0285
8045	1.0481
8046	1.0681
8047	1.0884
8048	1.1092
8049	1.1304
8050	1.152
8051	1.1741
8052	1.1965
8053	1.2194
8054	1.2427
8055	1.2664
8056	1.2905
8057	1.3149
8058	1.3396
8059	1.3646
8060	1.39
8061	1.4156
8062	1.4416
8063	1.4679
8064	1.4945
8065	1.5215
8066	1.5489
8067	1.5768
8068	1.605
8069	1.6338
8070	1.663
8071	1.6927
8072	1.723
8073	1.7537
8074	1.785
8075	1.8168
8076	1.8492
8077	1.8821
8078	1.9155
8079	1.9495
8080	1.984
8081	2.0191
8082	2.0548
8083	2.091
8084	2.1278
8085	2.1653
8086	2.2033
8087	2.242
8088	2.2814
8089	2.3214
8090	2.362
8091	2.4033
8092	2.4453
8093	2.488
8094	2.5314
8095	2.5754
8096	2.6202
8097	2.6656
8098	2.7117
8099	2.7585
8100	2.806
8101	2.8542
8102	2.9031
8103	2.9527
8104	3.003
8105	3.054
8106	3.1058
8107	3.1582
8108	3.2114
8109	3.2653
8110	3.32
8111	3.3754
8112	3.4316
8113	3.4885
8114	3.5461
8115	3.6045
8116	3.6637
8117	3.7236
8118	3.7843
8119	3.8458
8120	3.908
8121	3.971
8122	4.0348
8123	4.0994
8124	4.1647
8125	4.2308
8126	4.2977
8127	4.3654
8128	4.4338
8129	4.503
8130	4.573
8131	4.6438
8132	4.7154
8133	4.7879
8134	4.8613
8135	4.9356
8136	5.0111
8137	5.0876
8138	5.1652
8139	5.244
8140	5.324
8141	5.4053
8142	5.4879
8143	5.5717
8144	5.6567
8145	5.743
8146	5.8304
8147	5.9191
8148	6.0089
8149	6.0999
8150	6.192
8151	6.2852
8152	6.3796
8153	6.4749
8154	6.5713
8155	6.6687
8156	6.767
8157	6.8662
8158	6.9663
8159	7.0673
8160	7.169
8161	7.2715
8162	7.3748
8163	7.479
8164	7.584
8165	7.69
8166	7.7969
8167	7.9048
8168	8.0138
8169	8.1238
8170	8.235
8171	8.3473
8172	8.4607
8173	8.5753
8174	8.6909
8175	8.8076
8176	8.9253
8177	9.044
8178	9.1637
8179	9.2844
8180	9.406
8181	9.5285
8182	9.652
8183	9.7765
8184	9.902
8185	10.0287
8186	10.1565
8187	10.2854
8188	10.4157
8189	10.5472
8190	10.68
8191	10.8142
8192	10.9498
8193	11.0867
8194	11.2249
8195	11.3644
8196	11.5051
8197	11.647
8198	11.7902
8199	11.9345
8200	12.08
8201	12.2266
8202	12.3743
8203	12.523
8204	12.6727
8205	12.8234
8206	12.975
8207	13.1275
8208	13.2809
8209	13.435
8210	13.59
8211	13.7457
8212	13.9022
8213	14.0596
8214	14.2179
8215	14.3771
8216	14.5374
8217	14.6988
8218	14.8613
8219	15.025
8220	15.19
8221	15.3563
8222	15.5239
8223	15.6928
8224	15.863
8225	16.0344
8226	16.2071
8227	16.381
8228	16.5561
8229	16.7325
8230	16.91
8231	17.0887
8232	17.2685
8233	17.4494
8234	17.6313
8235	17.8141
8236	17.9978
8237	18.1823
8238	18.3675
8239	18.5534
8240	18.74
8241	18.9271
8242	19.1149
8243	19.3032
8244	19.4922
8245	19.6818
8246	19.872
8247	20.063
8248	20.2546
8249	20.4469
8250	20.64
8251	20.8338
8252	21.0284
8253	21.2239
8254	21.4203
8255	21.6176
8256	21.8159
8257	22.0152
8258	22.2157
8259	22.4172
8260	22.62
8261	22.824
8262	23.0291
8263	23.2353
8264	23.4424
8265	23.6504
8266	23.8591
8267	24.0686
8268	24.2786
8269	24.4891
8270	24.7
8271	24.9112
8272	25.1227
8273	25.3344
8274	25.5463
8275	25.7584
8276	25.9706
8277	26.1829
8278	26.3952
8279	26.6076
8280	26.82
8281	27.0323
8282	27.2442
8283	27.4552
8284	27.6652
8285	27.8736
8286	28.0801
8287	28.2844
8288	28.4861
8289	28.6847
8290	28.88
8291	29.0717
8292	29.2602
8293	29.4461
8294	29.6299
8295	29.8122
8296	29.9935
8297	30.1744
8298	30.3554
8299	30.5371
8300	30.72
8301	30.9046
8302	31.0913
8303	31.2801
8304	31.4713
8305	31.6651
8306	31.8617
8307	32.0613
8308	32.264
8309	32.4702
8310	32.68
8311	32.8935
8312	33.1104
8313	33.3302
8314	33.5527
8315	33.7774
8316	34.0039
8317	34.2318
8318	34.4607
8319	34.6903
8320	34.92
8321	35.1496
8322	35.3791
8323	35.6083
8324	35.8375
8325	36.0665
8326	36.2954
8327	36.5241
8328	36.7528
8329	36.9814
8330	37.21
8331	37.4385
8332	37.6668
8333	37.8947
8334	38.1222
8335	38.3491
8336	38.5753
8337	38.8006
8338	39.0249
8339	39.2481
8340	39.47
8341	39.6905
8342	39.91
8343	40.1286
8344	40.3466
8345	40.5644
8346	40.7823
8347	41.0005
8348	41.2193
8349	41.439
8350	41.66
8351	41.8824
8352	42.1063
8353	42.3317
8354	42.5586
8355	42.7869
8356	43.0166
8357	43.2479
8358	43.4805
8359	43.7145
8360	43.95
8361	44.1868
8362	44.4245
8363	44.6626
8364	44.9006
8365	45.1381
8366	45.3745
8367	45.6094
8368	45.8423
8369	46.0726
8370	46.3
8371	46.5241
8372	46.7452
8373	46.9638
8374	47.1805
8375	47.3959
8376	47.6104
8377	47.8245
8378	48.0388
8379	48.2538
8380	48.47
8381	48.6879
8382	48.9073
8383	49.1284
8384	49.3508
8385	49.5746
8386	49.7997
8387	50.0258
8388	50.253
8389	50.4811
8390	50.71
8391	50.9396
8392	51.1695
8393	51.3995
8394	51.6291
8395	51.8581
8396	52.0859
8397	52.3124
8398	52.5372
8399	52.7598
8400	52.98
8401	53.1975
8402	53.4126
8403	53.6256
8404	53.8369
8405	54.0469
8406	54.2559
8407	54.4644
8408	54.6726
8409	54.881
8410	55.09
8411	55.2998
8412	55.5102
8413	55.7211
8414	55.9321
8415	56.1432
8416	56.354
8417	56.5643
8418	56.7739
8419	56.9825
8420	57.19
8421	57.3961
8422	57.6007
8423	57.8038
8424	58.0054
8425	58.2054
8426	58.4037
8427	58.6004
8428	58.7954
8429	58.9886
8430	59.18
8431	59.3696
8432	59.5578
8433	59.745
8434	59.9315
8435	60.1178
8436	60.3043
8437	60.4913
8438	60.6794
8439	60.8688
8440	61.06
8441	61.2533
8442	61.4483
8443	61.6447
8444	61.8419
8445	62.0397
8446	62.2374
8447	62.4348
8448	62.6313
8449	62.8265
8450	63.02
8451	63.2114
8452	63.4007
8453	63.5877
8454	63.7724
8455	63.9548
8456	64.1348
8457	64.3124
8458	64.4874
8459	64.66
8460	64.83
8461	64.9975
8462	65.1629
8463	65.3268
8464	65.4898
8465	65.6524
8466	65.8153
8467	65.9789
8468	66.1438
8469	66.3107
8470	66.48
8471	66.6522
8472	66.827
8473	67.004
8474	67.1828
8475	67.363
8476	67.5441
8477	67.7258
8478	67.9076
8479	68.0892
8480	68.27
8481	68.4497
8482	68.6281
8483	68.8048
8484	68.9795
8485	69.1519
8486	69.3218
8487	69.4888
8488	69.6527
8489	69.8132
8490	69.97
8491	70.1229
8492	70.2724
8493	70.419
8494	70.5633
8495	70.7057
8496	70.8469
8497	70.9874
8498	71.1277
8499	71.2684
8500	71.41
8501	71.553
8502	71.6973
8503	71.8427
8504	71.9892
8505	72.1365
8506	72.2844
8507	72.4329
8508	72.5818
8509	72.7309
8510	72.88
8511	73.029
8512	73.1775
8513	73.3253
8514	73.472
8515	73.6172
8516	73.7607
8517	73.902
8518	74.0409
8519	74.177
8520	74.31
8521	74.4397
8522	74.5665
8523	74.6909
8524	74.8134
8525	74.9347
8526	75.0551
8527	75.1754
8528	75.2959
8529	75.4173
8530	75.54
8531	75.6645
8532	75.7907
8533	75.9183
8534	76.047
8535	76.1766
8536	76.307
8537	76.4377
8538	76.5686
8539	76.6995
8540	76.83
8541	76.96
8542	77.0892
8543	77.2176
8544	77.345
8545	77.4712
8546	77.5962
8547	77.7197
8548	77.8416
8549	77.9617
8550	78.08
8551	78.1963
8552	78.311
8553	78.4243
8554	78.5367
8555	78.6484
8556	78.7598
8557	78.8714
8558	78.9834
8559	79.0961
8560	79.21
8561	79.3253
8562	79.4418
8563	79.5594
8564	79.6777
8565	79.7965
8566	79.9156
8567	80.0347
8568	80.1537
8569	80.2722
8570	80.39
8571	80.5069
8572	80.6226
8573	80.737
8574	80.8498
8575	80.9607
8576	81.0696
8577	81.1762
8578	81.2802
8579	81.3816
8580	81.48
8581	81.5753
8582	81.668
8583	81.7584
8584	81.8471
8585	81.9345
8586	82.0212
8587	82.1076
8588	82.1942
8589	82.2815
8590	82.37
8591	82.46
8592	82.5515
8593	82.6442
8594	82.738
8595	82.8325
8596	82.9277
8597	83.0232
8598	83.1189
8599	83.2146
8600	83.31
8601	83.4049
8602	83.4992
8603	83.5925
8604	83.6846
8605	83.7754
8606	83.8645
8607	83.9518
8608	84.0369
8609	84.1197
8610	84.2
8611	84.2776
8612	84.3529
8613	84.4263
8614	84.4984
8615	84.5697
8616	84.6405
8617	84.7115
8618	84.7831
8619	84.8558
8620	84.93
8621	85.0062
8622	85.0843
8623	85.1641
8624	85.2456
8625	85.3285
8626	85.4127
8627	85.4982
8628	85.5846
8629	85.6719
8630	85.76
8631	85.8486
8632	85.9375
8633	86.0261
8634	86.1142
8635	86.2014
8636	86.2873
8637	86.3715
8638	86.4536
8639	86.5332
8640	86.61
8641	86.6837
8642	86.7545
8643	86.8226
8644	86.8884
8645	86.9521
8646	87.0141
8647	87.0746
8648	87.1339
8649	87.1922
8650	87.25
8651	87.3074
8652	87.3647
8653	87.422
8654	87.4795
8655	87.5375
8656	87.5961
8657	87.6554
8658	87.7157
8659	87.7772
8660	87.84
8661	87.9042
8662	87.9696
8663	88.0358
8664	88.1024
8665	88.1691
8666	88.2354
8667	88.301
8668	88.3656
8669	88.4287
8670	88.49
8671	88.5492
8672	88.6064
8673	88.6615
8674	88.7148
8675	88.7662
8676	88.816
8677	88.8642
8678	88.9108
8679	88.9561
8680	89
8681	89.0428
8682	89.0846
8683	89.126
8684	89.1672
8685	89.2085
8686	89.2504
8687	89.2931
8688	89.3371
8689	89.3826
8690	89.43
8691	89.4796
8692	89.5311
8693	89.5843
8694	89.639
8695	89.6947
8696	89.7512
8697	89.8083
8698	89.8657
8699	89.923
8700	89.98
8701	90.0364
8702	90.0921
8703	90.147
8704	90.201
8705	90.254
8706	90.3058
8707	90.3565
8708	90.4058
8709	90.4536
8710	90.5
8711	90.5448
8712	90.5883
8713	90.6308
8714	90.6728
8715	90.7144
8716	90.7561
8717	90.7982
8718	90.8409
8719	90.8848
8720	90.93
8721	90.9768
8722	91.0249
8723	91.0738
8724	91.123
8725	91.1721
8726	91.2207
8727	91.2682
8728	91.3143
8729	91.3583
8730	91.4
8731	91.4389
8732	91.4753
8733	91.5094
8734	91.5416
8735	91.572
8736	91.6012
8737	91.6292
8738	91.6565
8739	91.6833
8740	91.71
8741	91.7368
8742	91.7641
8743	91.7922
8744	91.8215
8745	91.8522
8746	91.8848
8747	91.9195
8748	91.9567
8749	91.9968
8750	92.04
8751	92.0865
8752	92.1358
8753	92.1871
8754	92.2397
8755	92.2928
8756	92.3456
8757	92.3975
8758	92.4477
8759	92.4955
8760	92.54
8761	92.5808
8762	92.6181
8763	92.6522
8764	92.6837
8765	92.713
8766	92.7404
8767	92.7663
8768	92.7913
8769	92.8157
8770	92.84
8771	92.8645
8772	92.8894
8773	92.9151
8774	92.9416
8775	92.9691
8776	92.998
8777	93.0283
8778	93.0602
8779	93.0941
8780	93.13
8781	93.168
8782	93.2077
8783	93.2482
8784	93.289
8785	93.3293
8786	93.3684
8787	93.4058
8788	93.4406
8789	93.4722
8790	93.5
8791	93.5234
8792	93.5429
8793	93.5591
8794	93.5725
8795	93.5838
8796	93.5936
8797	93.6026
8798	93.6112
8799	93.6201
8800	93.63
8801	93.6413
8802	93.6543
8803	93.669
8804	93.6856
8805	93.7042
8806	93.7248
8807	93.7476
8808	93.7726
8809	93.8001
8810	93.83
8811	93.8624
8812	93.8967
8813	93.9322
8814	93.9684
8815	94.0044
8816	94.0397
8817	94.0736
8818	94.1054
8819	94.1344
8820	94.16
8821	94.1817
8822	94.1998
8823	94.2149
8824	94.2275
8825	94.2381
8826	94.2473
8827	94.2555
8828	94.2633
8829	94.2713
8830	94.28
8831	94.2898
8832	94.301
8833	94.3137
8834	94.3281
8835	94.3444
8836	94.3628
8837	94.3833
8838	94.4063
8839	94.4318
8840	94.46
8841	94.491
8842	94.5241
8843	94.5587
8844	94.5939
8845	94.6292
8846	94.6637
8847	94.6968
8848	94.7277
8849	94.7557
8850	94.78
8851	94.8002
8852	94.8164
8853	94.8292
8854	94.839
8855	94.8462
8856	94.8514
8857	94.8549
8858	94.8572
8859	94.8587
8860	94.86
8861	94.8614
8862	94.8633
8863	94.8662
8864	94.8702
8865	94.8758
8866	94.8834
8867	94.8932
8868	94.9057
8869	94.9212
8870	94.94
8871	94.9624
8872	94.9879
8873	95.0158
8874	95.0457
8875	95.0768
8876	95.1086
8877	95.1404
8878	95.1716
8879	95.2017
8880	95.23
8881	95.256
8882	95.2797
8883	95.301
8884	95.3202
8885	95.337
8886	95.3518
8887	95.3644
8888	95.3749
8889	95.3835
8890	95.39
8891	95.3947
8892	95.3979
8893	95.4002
8894	95.402
8895	95.4038
8896	95.4061
8897	95.4094
8898	95.4141
8899	95.4208
8900	95.43
8901	95.442
8902	95.4565
8903	95.4732
8904	95.4917
8905	95.5116
8906	95.5327
8907	95.5544
8908	95.5764
8909	95.5984
8910	95.62
8911	95.6408
8912	95.6607
8913	95.6796
8914	95.6972
8915	95.7135
8916	95.7283
8917	95.7415
8918	95.7529
8919	95.7625
8920	95.77
8921	95.7755
8922	95.7792
8923	95.7817
8924	95.7833
8925	95.7845
8926	95.7857
8927	95.7875
8928	95.7901
8929	95.7942
8930	95.8
8931	95.808
8932	95.818
8933	95.8299
8934	95.8435
8935	95.8585
8936	95.8749
8937	95.8925
8938	95.9109
8939	95.9302
8940	95.95
8941	95.9702
8942	95.9904
8943	96.0105
8944	96.0301
8945	96.0488
8946	96.0665
8947	96.0827
8948	96.0972
8949	96.1098
8950	96.12
8951	96.1278
8952	96.1333
8953	96.1371
8954	96.1396
8955	96.1412
8956	96.1422
8957	96.1432
8958	96.1446
8959	96.1467
8960	96.15
8961	96.1548
8962	96.161
8963	96.1683
8964	96.1765
8965	96.1853
8966	96.1944
8967	96.2038
8968	96.2129
8969	96.2218
8970	96.23
8971	96.2374
8972	96.2442
8973	96.2503
8974	96.2561
8975	96.2615
8976	96.2669
8977	96.2723
8978	96.2778
8979	96.2837
8980	96.29
8981	96.2969
8982	96.3043
8983	96.3121
8984	96.3202
8985	96.3286
8986	96.337
8987	96.3455
8988	96.3539
8989	96.3621
8990	96.37
8991	96.3776
8992	96.3847
8993	96.3914
8994	96.3975
8995	96.403
8996	96.4079
8997	96.4121
8998	96.4155
8999	96.4182
9000	96.42
9001	96.421
9002	96.4214
9003	96.4217
9004	96.4221
9005	96.4232
9006	96.4252
9007	96.4285
9008	96.4335
9009	96.4405
9010	96.45
9011	96.4621
9012	96.4765
9013	96.4926
9014	96.51
9015	96.528
9016	96.5462
9017	96.564
9018	96.5809
9019	96.5964
9020	96.61
9021	96.6212
9022	96.6301
9023	96.6368
9024	96.6417
9025	96.6447
9026	96.6462
9027	96.6463
9028	96.6452
9029	96.643
9030	96.64
9031	96.6363
9032	96.6323
9033	96.6283
9034	96.6247
9035	96.6218
9036	96.6199
9037	96.6195
9038	96.6208
9039	96.6242
9040	96.63
9041	96.6385
9042	96.6493
9043	96.6618
9044	96.6758
9045	96.6905
9046	96.7057
9047	96.7207
9048	96.735
9049	96.7483
9050	96.76
9051	96.7697
9052	96.7776
9053	96.7838
9054	96.7887
9055	96.7923
9056	96.7949
9057	96.7968
9058	96.7981
9059	96.7991
9060	96.8
9061	96.801
9062	96.8023
9063	96.8039
9064	96.8062
9065	96.8091
9066	96.8129
9067	96.8178
9068	96.8238
9069	96.8312
9070	96.84
9071	96.8504
9072	96.862
9073	96.8746
9074	96.8878
9075	96.9013
9076	96.9146
9077	96.9275
9078	96.9396
9079	96.9505
9080	96.96
9081	96.9677
9082	96.9737
9083	96.9782
9084	96.9814
9085	96.9833
9086	96.9841
9087	96.9841
9088	96.9833
9089	96.9819
9090	96.98
9091	96.9779
9092	96.9757
9093	96.9736
9094	96.9718
9095	96.9706
9096	96.9702
9097	96.9707
9098	96.9723
9099	96.9754
9100	96.98
9101	96.9863
9102	96.9941
9103	97.0031
9104	97.0128
9105	97.023
9106	97.0334
9107	97.0436
9108	97.0534
9109	97.0622
9110	97.07
9111	97.0763
9112	97.0812
9113	97.0847
9114	97.0867
9115	97.0873
9116	97.0865
9117	97.0844
9118	97.0809
9119	97.0761
9120	97.07
9121	97.0627
9122	97.0544
9123	97.0456
9124	97.0366
9125	97.0278
9126	97.0196
9127	97.0123
9128	97.0064
9129	97.0022
9130	97
9131	97.0002
9132	97.0025
9133	97.0068
9134	97.0128
9135	97.0202
9136	97.0288
9137	97.0384
9138	97.0486
9139	97.0592
9140	97.07
9141	97.0808
9142	97.0913
9143	97.1017
9144	97.1117
9145	97.1213
9146	97.1304
9147	97.1389
9148	97.1467
9149	97.1538
9150	97.16
9151	97.1654
9152	97.17
9153	97.1743
9154	97.1782
9155	97.1822
9156	97.1864
9157	97.191
9158	97.1964
9159	97.2026
9160	97.21
9161	97.2187
9162	97.2284
9163	97.2389
9164	97.25
9165	97.2612
9166	97.2723
9167	97.2831
9168	97.2931
9169	97.3022
9170	97.31
9171	97.3163
9172	97.3211
9173	97.3244
9174	97.3263
9175	97.3267
9176	97.3259
9177	97.3238
9178	97.3204
9179	97.3158
9180	97.31
9181	97.3032
9182	97.2955
9183	97.2873
9184	97.2789
9185	97.2705
9186	97.2625
9187	97.2552
9188	97.2488
9189	97.2436
9190	97.24
9191	97.2381
9192	97.2379
9193	97.2391
9194	97.2415
9195	97.2449
9196	97.2491
9197	97.2539
9198	97.2592
9199	97.2646
9200	97.27
9201	97.2752
9202	97.2801
9203	97.2847
9204	97.2888
9205	97.2924
9206	97.2954
9207	97.2977
9208	97.2993
9209	97.3001
9210	97.3
9211	97.299
9212	97.2972
9213	97.2949
9214	97.2922
9215	97.2893
9216	97.2865
9217	97.284
9218	97.2819
9219	97.2805
9220	97.28
9221	97.2805
9222	97.2821
9223	97.2846
9224	97.2882
9225	97.2928
9226	97.2984
9227	97.3049
9228	97.3124
9229	97.3207
9230	97.33
9231	97.3401
9232	97.3508
9233	97.3617
9234	97.3726
9235	97.3831
9236	97.393
9237	97.402
9238	97.4097
9239	97.4158
9240	97.42
9241	97.4222
9242	97.4225
9243	97.4213
9244	97.419
9245	97.4159
9246	97.4123
9247	97.4086
9248	97.405
9249	97.4021
9250	97.4
9251	97.3991
9252	97.3994
9253	97.4009
9254	97.4034
9255	97.4071
9256	97.4118
9257	97.4174
9258	97.4241
9259	97.4316
9260	97.44
9261	97.4492
9262	97.4589
9263	97.4689
9264	97.4788
9265	97.4883
9266	97.4972
9267	97.5051
9268	97.5117
9269	97.5168
9270	97.52
9271	97.5211
9272	97.5204
9273	97.518
9274	97.5143
9275	97.5096
9276	97.5041
9277	97.4981
9278	97.4919
9279	97.4858
9280	97.48
9281	97.4748
9282	97.4704
9283	97.4668
9284	97.464
9285	97.4622
9286	97.4614
9287	97.4617
9288	97.4632
9289	97.4659
9290	97.47
9291	97.4754
9292	97.4819
9293	97.4892
9294	97.4967
9295	97.5043
9296	97.5115
9297	97.5181
9298	97.5236
9299	97.5277
9300	97.53
9301	97.5303
9302	97.5289
9303	97.5259
9304	97.5218
9305	97.5169
9306	97.5113
9307	97.5056
9308	97.4999
9309	97.4946
9310	97.49
9311	97.4864
9312	97.4838
9313	97.4824
9314	97.4822
9315	97.4833
9316	97.4857
9317	97.4895
9318	97.4948
9319	97.5016
9320	97.51
9321	97.52
9322	97.5314
9323	97.5437
9324	97.5568
9325	97.5701
9326	97.5834
9327	97.5964
9328	97.6087
9329	97.62
9330	97.63
9331	97.6383
9332	97.645
9333	97.65
9334	97.6534
9335	97.6551
9336	97.6552
9337	97.6538
9338	97.6508
9339	97.6461
9340	97.64
9341	97.6324
9342	97.6236
9343	97.6141
9344	97.6043
9345	97.5944
9346	97.5851
9347	97.5766
9348	97.5693
9349	97.5636
9350	97.56
9351	97.5587
9352	97.5595
9353	97.5622
9354	97.5665
9355	97.5721
9356	97.5787
9357	97.5861
9358	97.594
9359	97.602
9360	97.61
9361	97.6176
9362	97.6248
9363	97.6313
9364	97.6372
9365	97.6421
9366	97.6461
9367	97.649
9368	97.6507
9369	97.6511
9370	97.65
9371	97.6474
9372	97.6436
9373	97.6388
9374	97.6336
9375	97.6281
9376	97.6228
9377	97.618
9378	97.614
9379	97.6112
9380	97.61
9381	97.6105
9382	97.6127
9383	97.6163
9384	97.621
9385	97.6267
9386	97.633
9387	97.6397
9388	97.6466
9389	97.6535
9390	97.66
9391	97.666
9392	97.6714
9393	97.6761
9394	97.6799
9395	97.6827
9396	97.6846
9397	97.6854
9398	97.6849
9399	97.6832
9400	97.68
9401	97.6754
9402	97.6698
9403	97.6633
9404	97.6566
9405	97.6499
9406	97.6435
9407	97.638
9408	97.6337
9409	97.6309
9410	97.63
9411	97.6313
9412	97.6346
9413	97.6395
9414	97.6457
9415	97.6528
9416	97.6605
9417	97.6684
9418	97.6762
9419	97.6835
9420	97.69
9421	97.6954
9422	97.6996
9423	97.7026
9424	97.7045
9425	97.7051
9426	97.7045
9427	97.7028
9428	97.6997
9429	97.6955
9430	97.69
9431	97.6833
9432	97.6757
9433	97.6675
9434	97.659
9435	97.6505
9436	97.6424
9437	97.6349
9438	97.6285
9439	97.6234
9440	97.62
9441	97.6185
9442	97.6187
9443	97.6205
9444	97.6236
9445	97.628
9446	97.6333
9447	97.6393
9448	97.6459
9449	97.6529
9450	97.66
9451	97.6671
9452	97.674
9453	97.6807
9454	97.6869
9455	97.6927
9456	97.6978
9457	97.7023
9458	97.7058
9459	97.7085
9460	97.71
9461	97.7104
9462	97.7099
9463	97.7087
9464	97.7069
9465	97.705
9466	97.7031
9467	97.7013
9468	97.7001
9469	97.6996
9470	97.7
9471	97.7015
9472	97.7042
9473	97.7077
9474	97.7121
9475	97.7173
9476	97.723
9477	97.7293
9478	97.736
9479	97.7429
9480	97.75
9481	97.7571
9482	97.7641
9483	97.7707
9484	97.7768
9485	97.7821
9486	97.7864
9487	97.7896
9488	97.7914
9489	97.7916
9490	97.79
9491	97.7865
9492	97.7814
9493	97.7749
9494	97.7675
9495	97.7593
9496	97.7508
9497	97.7423
9498	97.7341
9499	97.7266
9500	97.72
9501	97.7147
9502	97.7106
9503	97.7077
9504	97.7061
9505	97.7057
9506	97.7064
9507	97.7082
9508	97.7111
9509	97.715
9510	97.72
9511	97.7259
9512	97.7326
9513	97.7397
9514	97.7471
9515	97.7543
9516	97.7612
9517	97.7675
9518	97.7729
9519	97.7772
9520	97.78
9521	97.7813
9522	97.7811
9523	97.7798
9524	97.7776
9525	97.7747
9526	97.7715
9527	97.7681
9528	97.7649
9529	97.7621
9530	97.76
9531	97.7588
9532	97.7584
9533	97.7588
9534	97.7601
9535	97.762
9536	97.7645
9537	97.7677
9538	97.7713
9539	97.7755
9540	97.78
9541	97.7849
9542	97.7899
9543	97.7948
9544	97.7995
9545	97.8037
9546	97.8072
9547	97.8098
9548	97.8112
9549	97.8114
9550	97.81
9551	97.8069
9552	97.8024
9553	97.7968
9554	97.7903
9555	97.7832
9556	97.7759
9557	97.7686
9558	97.7617
9559	97.7554
9560	97.75
9561	97.7458
9562	97.7427
9563	97.7407
9564	97.7397
9565	97.7396
9566	97.7404
9567	97.7418
9568	97.744
9569	97.7467
9570	97.75
9571	97.7537
9572	97.7576
9573	97.7617
9574	97.7657
9575	97.7695
9576	97.773
9577	97.7759
9578	97.7782
9579	97.7796
9580	97.78
9581	97.7793
9582	97.7778
9583	97.7755
9584	97.7728
9585	97.7699
9586	97.7669
9587	97.7642
9588	97.762
9589	97.7606
9590	97.76
9591	97.7606
9592	97.7622
9593	97.7648
9594	97.7682
9595	97.7724
9596	97.7771
9597	97.7824
9598	97.788
9599	97.7939
9600	97.8
9601	97.8061
9602	97.8121
9603	97.8179
9604	97.8233
9605	97.8282
9606	97.8325
9607	97.8359
9608	97.8384
9609	97.8398
9610	97.84
9611	97.8389
9612	97.8367
9613	97.8336
9614	97.83
9615	97.826
9616	97.8219
9617	97.8181
9618	97.8146
9619	97.8118
9620	97.81
9621	97.8093
9622	97.8097
9623	97.8111
9624	97.8134
9625	97.8165
9626	97.8203
9627	97.8246
9628	97.8294
9629	97.8346
9630	97.84
9631	97.8456
9632	97.8512
9633	97.8567
9634	97.8619
9635	97.8667
9636	97.871
9637	97.8746
9638	97.8774
9639	97.8792
9640	97.88
9641	97.8796
9642	97.8781
9643	97.8757
9644	97.8727
9645	97.8691
9646	97.8652
9647	97.8612
9648	97.8572
9649	97.8534
9650	97.85
9651	97.8471
9652	97.8449
9653	97.8432
9654	97.8422
9655	97.8418
9656	97.842
9657	97.843
9658	97.8446
9659	97.8469
9660	97.85
9661	97.8538
9662	97.8581
9663	97.8628
9664	97.8676
9665	97.8725
9666	97.8771
9667	97.8814
9668	97.8851
9669	97.888
9670	97.89
9671	97.8909
9672	97.8908
9673	97.8898
9674	97.8881
9675	97.8858
9676	97.883
9677	97.8799
9678	97.8766
9679	97.8733
9680	97.87
9681	97.8669
9682	97.8642
9683	97.8619
9684	97.8603
9685	97.8593
9686	97.8593
9687	97.8601
9688	97.8621
9689	97.8654
9690	97.87
9691	97.876
9692	97.8832
9693	97.8912
9694	97.8996
9695	97.9081
9696	97.9164
9697	97.9241
9698	97.9308
9699	97.9362
9700	97.94
9701	97.9419
9702	97.942
9703	97.9407
9704	97.9381
9705	97.9344
9706	97.9301
9707	97.9252
9708	97.9201
9709	97.9149
9710	97.91
9711	97.9055
9712	97.9016
9713	97.8981
9714	97.8952
9715	97.8929
9716	97.8911
9717	97.8899
9718	97.8893
9719	97.8894
9720	97.89
9721	97.8913
9722	97.8931
9723	97.8953
9724	97.8977
9725	97.9002
9726	97.9028
9727	97.9051
9728	97.9072
9729	97.9089
9730	97.91
9731	97.9105
9732	97.9103
9733	97.9097
9734	97.9087
9735	97.9074
9736	97.9059
9737	97.9043
9738	97.9027
9739	97.9013
9740	97.9
9741	97.899
9742	97.8984
9743	97.8982
9744	97.8984
9745	97.899
9746	97.9001
9747	97.9017
9748	97.9039
9749	97.9066
9750	97.91
9751	97.914
9752	97.9185
9753	97.9232
9754	97.9281
9755	97.9329
9756	97.9375
9757	97.9417
9758	97.9453
9759	97.9481
9760	97.95
9761	97.9508
9762	97.9506
9763	97.9496
9764	97.9478
9765	97.9455
9766	97.9428
9767	97.9397
9768	97.9365
9769	97.9332
9770	97.93
9771	97.927
9772	97.9244
9773	97.9221
9774	97.9202
9775	97.9187
9776	97.9177
9777	97.9173
9778	97.9175
9779	97.9184
9780	97.92
9781	97.9223
9782	97.9253
9783	97.9286
9784	97.9322
9785	97.936
9786	97.9396
9787	97.943
9788	97.946
9789	97.9484
9790	97.95
9791	97.9508
9792	97.9507
9793	97.9501
9794	97.9489
9795	97.9474
9796	97.9458
9797	97.944
9798	97.9424
9799	97.941
9800	97.94
9801	97.9395
9802	97.9395
9803	97.9399
9804	97.9407
9805	97.9418
9806	97.9431
9807	97.9447
9808	97.9464
9809	97.9482
9810	97.95
9811	97.9518
9812	97.9537
9813	97.9555
9814	97.9574
9815	97.9593
9816	97.9613
9817	97.9633
9818	97.9654
9819	97.9677
9820	97.97
9821	97.9725
9822	97.975
9823	97.9775
9824	97.98
9825	97.9823
9826	97.9845
9827	97.9864
9828	97.988
9829	97.9892
9830	97.99
9831	97.9903
9832	97.9902
9833	97.9897
9834	97.9889
9835	97.9878
9836	97.9864
9837	97.9849
9838	97.9833
9839	97.9817
9840	97.98
9841	97.9784
9842	97.9769
9843	97.9754
9844	97.9741
9845	97.973
9846	97.9719
9847	97.9711
9848	97.9705
9849	97.9701
9850	97.97
9851	97.9701
9852	97.9704
9853	97.9709
9854	97.9713
9855	97.9717
9856	97.972
9857	97.972
9858	97.9717
9859	97.9711
9860	97.97
9861	97.9684
9862	97.9664
9863	97.9643
9864	97.9622
9865	97.9602
9866	97.9587
9867	97.9577
9868	97.9575
9869	97.9582
9870	97.96
9871	97.9631
9872	97.9672
9873	97.9722
9874	97.9777
9875	97.9836
9876	97.9896
9877	97.9955
9878	98.001
9879	98.0059
9880	98.01
9881	98.013
9882	98.0151
9883	98.0163
9884	98.0168
9885	98.0166
9886	98.0159
9887	98.0147
9888	98.0133
9889	98.0117
9890	98.01
9891	98.0083
9892	98.0068
9893	98.0055
9894	98.0045
9895	98.0039
9896	98.0038
9897	98.0042
9898	98.0054
9899	98.0073
9900	98.01
9901	98.0136
9902	98.018
9903	98.0228
9904	98.0279
9905	98.0329
9906	98.0378
9907	98.0421
9908	98.0458
9909	98.0485
9910	98.05
9911	98.0502
9912	98.0491
9913	98.0468
9914	98.0435
9915	98.0394
9916	98.0345
9917	98.029
9918	98.023
9919	98.0166
9920	98.01
9921	98.0033
9922	97.9968
9923	97.9905
9924	97.9847
9925	97.9795
9926	97.9752
9927	97.9719
9928	97.9698
9929	97.9691
9930	97.97
9931	97.9726
9932	97.9767
9933	97.9819
9934	97.9882
9935	97.9951
9936	98.0024
9937	98.0098
9938	98.017
9939	98.0239
9940	98.03
9941	98.0352
9942	98.0394
9943	98.0427
9944	98.0451
9945	98.0465
9946	98.047
9947	98.0465
9948	98.0452
9949	98.0431
9950	98.04
9951	98.0361
9952	98.0316
9953	98.0267
9954	98.0216
9955	98.0166
9956	98.0118
9957	98.0075
9958	98.004
9959	98.0014
9960	98
9961	97.9999
9962	98.0011
9963	98.0032
9964	98.0062
9965	98.0098
9966	98.0138
9967	98.018
9968	98.0222
9969	98.0263
9970	98.03
9971	98.0332
9972	98.0358
9973	98.0379
9974	98.0395
9975	98.0407
9976	98.0413
9977	98.0416
9978	98.0414
9979	98.0409
9980	98.04
9981	98.0388
9982	98.0373
9983	98.0357
9984	98.0341
9985	98.0326
9986	98.0313
9987	98.0303
9988	98.0296
9989	98.0295
9990	98.03
9991	98.0312
9992	98.033
9993	98.0353
9994	98.0382
9995	98.0413
9996	98.0448
9997	98.0485
9998	98.0523
9999	98.0562
10000	98.06
10001	98.0637
10002	98.0671
10003	98.0701
10004	98.0726
10005	98.0745
10006	98.0756
10007	98.0758
10008	98.0751
10009	98.0732
10010	98.07
10011	98.0655
10012	98.06
10013	98.0539
10014	98.0473
10015	98.0408
10016	98.0346
10017	98.029
10018	98.0245
10019	98.0214
10020	98.02
10021	98.0205
10022	98.0228
10023	98.0266
10024	98.0316
10025	98.0374
10026	98.0439
10027	98.0507
10028	98.0575
10029	98.064
10030	98.07
10031	98.0752
10032	98.0796
10033	98.0832
10034	98.0861
10035	98.0882
10036	98.0898
10037	98.0907
10038	98.091
10039	98.0907
10040	98.09
10041	98.0888
10042	98.0873
10043	98.0856
10044	98.0838
10045	98.0821
10046	98.0807
10047	98.0796
10048	98.079
10049	98.0791
10050	98.08
10051	98.0818
10052	98.0843
10053	98.0874
10054	98.0908
10055	98.0945
10056	98.0983
10057	98.1019
10058	98.1051
10059	98.1079
10060	98.11
10061	98.1113
10062	98.1118
10063	98.1116
10064	98.1109
10065	98.1097
10066	98.1081
10067	98.1063
10068	98.1043
10069	98.1021
10070	98.1
10071	98.098
10072	98.0962
10073	98.0946
10074	98.0935
10075	98.0928
10076	98.0927
10077	98.0933
10078	98.0947
10079	98.0969
10080	98.1
10081	98.1041
10082	98.109
10083	98.1143
10084	98.1198
10085	98.1252
10086	98.1302
10087	98.1344
10088	98.1377
10089	98.1396
10090	98.14
10091	98.1386
10092	98.1356
10093	98.1313
10094	98.126
10095	98.1201
10096	98.1137
10097	98.1072
10098	98.1009
10099	98.0951
10100	98.09
10101	98.086
10102	98.0829
10103	98.0809
10104	98.0798
10105	98.0795
10106	98.0801
10107	98.0815
10108	98.0837
10109	98.0865
10110	98.09
10111	98.0941
10112	98.0986
10113	98.1034
10114	98.1083
10115	98.1131
10116	98.1176
10117	98.1218
10118	98.1253
10119	98.1281
10120	98.13
10121	98.1308
10122	98.1307
10123	98.1297
10124	98.128
10125	98.1257
10126	98.1229
10127	98.1199
10128	98.1166
10129	98.1133
10130	98.11
10131	98.1069
10132	98.1041
10133	98.1016
10134	98.0995
10135	98.098
10136	98.0969
10137	98.0966
10138	98.0969
10139	98.098
10140	98.1
10141	98.1029
10142	98.1065
10143	98.1107
10144	98.1153
10145	98.12
10146	98.1248
10147	98.1293
10148	98.1335
10149	98.1371
10150	98.14
10151	98.142
10152	98.1431
10153	98.1434
10154	98.143
10155	98.1419
10156	98.1403
10157	98.1383
10158	98.1358
10159	98.133
10160	98.13
10161	98.1268
10162	98.1236
10163	98.1205
10164	98.1175
10165	98.1148
10166	98.1126
10167	98.1108
10168	98.1098
10169	98.1094
10170	98.11
10171	98.1115
10172	98.1138
10173	98.1168
10174	98.1202
10175	98.1238
10176	98.1276
10177	98.1313
10178	98.1347
10179	98.1377
10180	98.14
10181	98.1416
10182	98.1424
10183	98.1426
10184	98.1421
10185	98.1411
10186	98.1396
10187	98.1377
10188	98.1354
10189	98.1328
10190	98.13
10191	98.127
10192	98.1239
10193	98.1207
10194	98.1174
10195	98.1142
10196	98.1111
10197	98.108
10198	98.1051
10199	98.1024
10200	98.1
10201	98.0978
10202	98.096
10203	98.0944
10204	98.0931
10205	98.092
10206	98.0911
10207	98.0906
10208	98.0902
10209	98.09
10210	98.09
10211	98.0902
10212	98.0905
10213	98.0909
10214	98.0913
10215	98.0916
10216	98.0918
10217	98.0918
10218	98.0915
10219	98.0909
10220	98.09
10221	98.0887
10222	98.087
10223	98.0852
10224	98.0834
10225	98.0817
10226	98.0803
10227	98.0793
10228	98.0788
10229	98.079
10230	98.08
10231	98.0819
10232	98.0847
10233	98.0882
10234	98.0922
10235	98.0966
10236	98.1013
10237	98.1061
10238	98.1109
10239	98.1156
10240	98.12
10241	98.124
10242	98.1276
10243	98.1308
10244	98.1335
10245	98.1358
10246	98.1376
10247	98.1389
10248	98.1398
10249	98.1401
10250	98.14
10251	98.1394
10252	98.1384
10253	98.1371
10254	98.1356
10255	98.1341
10256	98.1327
10257	98.1314
10258	98.1305
10259	98.13
10260	98.13
10261	98.1306
10262	98.1318
10263	98.1335
10264	98.1355
10265	98.1378
10266	98.1403
10267	98.1429
10268	98.1454
10269	98.1478
10270	98.15
10271	98.1519
10272	98.1535
10273	98.1549
10274	98.1561
10275	98.157
10276	98.1578
10277	98.1585
10278	98.1591
10279	98.1596
10280	98.16
10281	98.1604
10282	98.1608
10283	98.1611
10284	98.1614
10285	98.1615
10286	98.1616
10287	98.1615
10288	98.1612
10289	98.1607
10290	98.16
10291	98.1591
10292	98.158
10293	98.1568
10294	98.1556
10295	98.1543
10296	98.1531
10297	98.152
10298	98.1511
10299	98.1504
10300	98.15
10301	98.1499
10302	98.1501
10303	98.1504
10304	98.1508
10305	98.1512
10306	98.1515
10307	98.1516
10308	98.1515
10309	98.151
10310	98.15
10311	98.1485
10312	98.1466
10313	98.1444
10314	98.142
10315	98.1396
10316	98.1371
10317	98.1348
10318	98.1328
10319	98.1312
10320	98.13
10321	98.1294
10322	98.1294
10323	98.1298
10324	98.1307
10325	98.1318
10326	98.1332
10327	98.1348
10328	98.1365
10329	98.1383
10330	98.14
10331	98.1416
10332	98.1431
10333	98.1445
10334	98.1458
10335	98.1469
10336	98.1478
10337	98.1486
10338	98.1493
10339	98.1497
10340	98.15
10341	98.1501
10342	98.15
10343	98.1499
10344	98.1497
10345	98.1494
10346	98.1493
10347	98.1492
10348	98.1493
10349	98.1495
10350	98.15
10351	98.1508
10352	98.1517
10353	98.1529
10354	98.1541
10355	98.1554
10356	98.1566
10357	98.1578
10358	98.1588
10359	98.1595
10360	98.16
10361	98.1602
10362	98.16
10363	98.1595
10364	98.1588
10365	98.1578
10366	98.1566
10367	98.1552
10368	98.1536
10369	98.1519
10370	98.15
10371	98.1481
10372	98.146
10373	98.1439
10374	98.1418
10375	98.1397
10376	98.1376
10377	98.1356
10378	98.1336
10379	98.1318
10380	98.13
10381	98.1284
10382	98.1269
10383	98.1256
10384	98.1244
10385	98.1234
10386	98.1224
10387	98.1216
10388	98.121
10389	98.1204
10390	98.12
10391	98.1197
10392	98.1195
10393	98.1194
10394	98.1194
10395	98.1194
10396	98.1195
10397	98.1196
10398	98.1197
10399	98.1199
10400	98.12
10401	98.1201
10402	98.1203
10403	98.1206
10404	98.121
10405	98.1216
10406	98.1225
10407	98.1237
10408	98.1254
10409	98.1274
10410	98.13
10411	98.1331
10412	98.1367
10413	98.1406
10414	98.1448
10415	98.1492
10416	98.1536
10417	98.158
10418	98.1623
10419	98.1663
10420	98.17
10421	98.1733
10422	98.1761
10423	98.1785
10424	98.1804
10425	98.1817
10426	98.1825
10427	98.1828
10428	98.1825
10429	98.1815
10430	98.18
10431	98.1778
10432	98.1752
10433	98.1721
10434	98.1687
10435	98.1652
10436	98.1617
10437	98.1583
10438	98.1552
10439	98.1523
10440	98.15
10441	98.1482
10442	98.147
10443	98.1463
10444	98.146
10445	98.1461
10446	98.1465
10447	98.1471
10448	98.1479
10449	98.1489
10450	98.15
10451	98.1511
10452	98.1521
10453	98.1531
10454	98.1538
10455	98.1543
10456	98.1544
10457	98.1541
10458	98.1533
10459	98.152
10460	98.15
10461	98.1473
10462	98.1441
10463	98.1404
10464	98.1362
10465	98.1319
10466	98.1273
10467	98.1228
10468	98.1183
10469	98.114
10470	98.11
10471	98.1064
10472	98.1033
10473	98.1006
10474	98.0985
10475	98.097
10476	98.0962
10477	98.096
10478	98.0965
10479	98.0979
10480	98.1
10481	98.103
10482	98.1066
10483	98.1108
10484	98.1153
10485	98.12
10486	98.1247
10487	98.1292
10488	98.1334
10489	98.137
10490	98.14
10491	98.1421
10492	98.1435
10493	98.1442
10494	98.1444
10495	98.1441
10496	98.1435
10497	98.1427
10498	98.1418
10499	98.1408
10500	98.14
10501	98.1393
10502	98.1389
10503	98.1385
10504	98.1384
10505	98.1384
10506	98.1385
10507	98.1388
10508	98.1391
10509	98.1395
10510	98.14
10511	98.1405
10512	98.1411
10513	98.1416
10514	98.142
10515	98.1423
10516	98.1424
10517	98.1422
10518	98.1418
10519	98.1411
10520	98.14
10521	98.1385
10522	98.1367
10523	98.1346
10524	98.1323
10525	98.13
10526	98.1277
10527	98.1254
10528	98.1233
10529	98.1215
10530	98.12
10531	98.1189
10532	98.1182
10533	98.118
10534	98.1183
10535	98.119
10536	98.1201
10537	98.1218
10538	98.124
10539	98.1267
10540	98.13
10541	98.1338
10542	98.138
10543	98.1424
10544	98.1471
10545	98.1517
10546	98.1561
10547	98.1604
10548	98.1642
10549	98.1674
10550	98.17
10551	98.1718
10552	98.1728
10553	98.1732
10554	98.1728
10555	98.1719
10556	98.1704
10557	98.1684
10558	98.166
10559	98.1632
10560	98.16
10561	98.1566
10562	98.153
10563	98.1493
10564	98.1456
10565	98.1421
10566	98.1388
10567	98.1358
10568	98.1333
10569	98.1313
10570	98.13
10571	98.1294
10572	98.1294
10573	98.13
10574	98.131
10575	98.1324
10576	98.1339
10577	98.1355
10578	98.1372
10579	98.1387
10580	98.14
10581	98.141
10582	98.1417
10583	98.1421
10584	98.1423
10585	98.1422
10586	98.142
10587	98.1417
10588	98.1412
10589	98.1406
10590	98.14
10591	98.1394
10592	98.1387
10593	98.1382
10594	98.1378
10595	98.1375
10596	98.1374
10597	98.1376
10598	98.138
10599	98.1388
10600	98.14
10601	98.1416
10602	98.1435
10603	98.1456
10604	98.148
10605	98.1503
10606	98.1527
10607	98.1549
10608	98.1569
10609	98.1587
10610	98.16
10611	98.1609
10612	98.1613
10613	98.1613
10614	98.1608
10615	98.16
10616	98.1587
10617	98.1571
10618	98.1551
10619	98.1527
10620	98.15
10621	98.147
10622	98.1438
10623	98.1404
10624	98.137
10625	98.1336
10626	98.1303
10627	98.1272
10628	98.1244
10629	98.122
10630	98.12
10631	98.1186
10632	98.1176
10633	98.1171
10634	98.1169
10635	98.117
10636	98.1174
10637	98.118
10638	98.1186
10639	98.1193
10640	98.12
10641	98.1206
10642	98.1211
10643	98.1213
10644	98.1212
10645	98.1208
10646	98.1198
10647	98.1184
10648	98.1163
10649	98.1135
10650	98.11
10651	98.1057
10652	98.1007
10653	98.0952
10654	98.0895
10655	98.0836
10656	98.0779
10657	98.0725
10658	98.0676
10659	98.0634
10660	98.06
10661	98.0577
10662	98.0563
10663	98.0558
10664	98.0562
10665	98.0572
10666	98.0589
10667	98.0611
10668	98.0637
10669	98.0667
10670	98.07
10671	98.0735
10672	98.077
10673	98.0806
10674	98.0842
10675	98.0876
10676	98.0908
10677	98.0937
10678	98.0963
10679	98.0984
10680	98.1
10681	98.101
10682	98.1016
10683	98.1018
10684	98.1016
10685	98.1013
10686	98.1008
10687	98.1004
10688	98.1
10689	98.0999
10690	98.1
10691	98.1005
10692	98.1014
10693	98.1026
10694	98.1042
10695	98.1061
10696	98.1083
10697	98.1108
10698	98.1136
10699	98.1167
10700	98.12
10701	98.1236
10702	98.1272
10703	98.1308
10704	98.1341
10705	98.137
10706	98.1394
10707	98.141
10708	98.1418
10709	98.1415
10710	98.14
10711	98.1372
10712	98.1332
10713	98.1283
10714	98.1224
10715	98.116
10716	98.109
10717	98.1018
10718	98.0944
10719	98.0871
10720	98.08
10721	98.0733
10722	98.0671
10723	98.0613
10724	98.0562
10725	98.0516
10726	98.0478
10727	98.0446
10728	98.0422
10729	98.0407
10730	98.04
10731	98.0402
10732	98.0412
10733	98.0429
10734	98.0451
10735	98.0475
10736	98.0502
10737	98.053
10738	98.0556
10739	98.058
10740	98.06
10741	98.0615
10742	98.0625
10743	98.0631
10744	98.0633
10745	98.0632
10746	98.0628
10747	98.0623
10748	98.0616
10749	98.0608
10750	98.06
10751	98.0592
10752	98.0585
10753	98.0579
10754	98.0574
10755	98.0572
10756	98.0571
10757	98.0573
10758	98.0579
10759	98.0587
10760	98.06
10761	98.0617
10762	98.0636
10763	98.0659
10764	98.0682
10765	98.0706
10766	98.073
10767	98.0752
10768	98.0771
10769	98.0788
10770	98.08
10771	98.0807
10772	98.081
10773	98.0807
10774	98.0801
10775	98.0791
10776	98.0778
10777	98.0762
10778	98.0744
10779	98.0723
10780	98.07
10781	98.0676
10782	98.0651
10783	98.0626
10784	98.0602
10785	98.0578
10786	98.0557
10787	98.0537
10788	98.0521
10789	98.0509
10790	98.05
10791	98.0496
10792	98.0497
10793	98.0501
10794	98.0509
10795	98.052
10796	98.0533
10797	98.0548
10798	98.0565
10799	98.0582
10800	98.06
10801	98.0618
10802	98.0635
10803	98.0651
10804	98.0666
10805	98.0679
10806	98.0689
10807	98.0697
10808	98.0702
10809	98.0703
10810	98.07
10811	98.0693
10812	98.0682
10813	98.0667
10814	98.0649
10815	98.0628
10816	98.0605
10817	98.058
10818	98.0554
10819	98.0527
10820	98.05
10821	98.0473
10822	98.0446
10823	98.042
10824	98.0395
10825	98.0372
10826	98.0351
10827	98.0333
10828	98.0318
10829	98.0307
10830	98.03
10831	98.0297
10832	98.0298
10833	98.0301
10834	98.0305
10835	98.031
10836	98.0314
10837	98.0316
10838	98.0315
10839	98.031
10840	98.03
10841	98.0284
10842	98.0263
10843	98.0238
10844	98.0209
10845	98.0177
10846	98.0142
10847	98.0107
10848	98.0071
10849	98.0035
10850	98
10851	97.9967
10852	97.9936
10853	97.9908
10854	97.9882
10855	97.9859
10856	97.9839
10857	97.9823
10858	97.9811
10859	97.9804
10860	97.98
10861	97.9801
10862	97.9806
10863	97.9815
10864	97.9825
10865	97.9838
10866	97.9851
10867	97.9865
10868	97.9878
10869	97.989
10870	97.99
10871	97.9907
10872	97.9912
10873	97.9915
10874	97.9915
10875	97.9915
10876	97.9913
10877	97.991
10878	97.9907
10879	97.9903
10880	97.99
10881	97.9897
10882	97.9894
10883	97.989
10884	97.9885
10885	97.9879
10886	97.987
10887	97.9858
10888	97.9843
10889	97.9824
10890	97.98
10891	97.9772
10892	97.9739
10893	97.9702
10894	97.9663
10895	97.9621
10896	97.9577
10897	97.9533
10898	97.9488
10899	97.9443
10900	97.94
10901	97.9358
10902	97.9318
10903	97.9281
10904	97.9246
10905	97.9213
10906	97.9184
10907	97.9157
10908	97.9134
10909	97.9115
10910	97.91
10911	97.9089
10912	97.9082
10913	97.9078
10914	97.9076
10915	97.9077
10916	97.908
10917	97.9084
10918	97.9089
10919	97.9095
10920	97.91
10921	97.9105
10922	97.911
10923	97.9115
10924	97.9121
10925	97.9129
10926	97.9138
10927	97.9149
10928	97.9163
10929	97.918
10930	97.92
10931	97.9224
10932	97.9252
10933	97.9281
10934	97.9313
10935	97.9346
10936	97.9379
10937	97.9412
10938	97.9443
10939	97.9473
10940	97.95
10941	97.9524
10942	97.9545
10943	97.9562
10944	97.9576
10945	97.9588
10946	97.9596
10947	97.9601
10948	97.9604
10949	97.9603
10950	97.96
10951	97.9594
10952	97.9586
10953	97.9576
10954	97.9566
10955	97.9554
10956	97.9542
10957	97.953
10958	97.9519
10959	97.9508
10960	97.95
10961	97.9493
10962	97.9488
10963	97.9483
10964	97.9479
10965	97.9473
10966	97.9465
10967	97.9454
10968	97.9441
10969	97.9423
10970	97.94
10971	97.9372
10972	97.9339
10973	97.9302
10974	97.9261
10975	97.9219
10976	97.9174
10977	97.913
10978	97.9085
10979	97.9042
10980	97.9
10981	97.8961
10982	97.8925
10983	97.8893
10984	97.8865
10985	97.8841
10986	97.8821
10987	97.8807
10988	97.8799
10989	97.8796
10990	97.88
10991	97.881
10992	97.8826
10993	97.8846
10994	97.8869
10995	97.8894
10996	97.8919
10997	97.8944
10998	97.8966
10999	97.8985
11000	97.9
11001	97.9009
11002	97.9013
11003	97.9012
11004	97.9007
11005	97.8997
11006	97.8983
11007	97.8967
11008	97.8947
11009	97.8925
11010	97.89
11011	97.8874
11012	97.8847
11013	97.882
11014	97.8793
11015	97.8768
11016	97.8746
11017	97.8728
11018	97.8713
11019	97.8704
11020	97.87
11021	97.8703
11022	97.8711
11023	97.8724
11024	97.8738
11025	97.8754
11026	97.877
11027	97.8784
11028	97.8794
11029	97.88
11030	97.88
11031	97.8793
11032	97.8779
11033	97.8758
11034	97.8733
11035	97.8702
11036	97.8667
11037	97.8629
11038	97.8588
11039	97.8545
11040	97.85
11041	97.8455
11042	97.841
11043	97.8366
11044	97.8325
11045	97.8288
11046	97.8256
11047	97.823
11048	97.8211
11049	97.8201
11050	97.82
11051	97.8209
11052	97.8228
11053	97.8253
11054	97.8285
11055	97.832
11056	97.8358
11057	97.8397
11058	97.8434
11059	97.8469
11060	97.85
11061	97.8525
11062	97.8544
11063	97.8558
11064	97.8565
11065	97.8568
11066	97.8565
11067	97.8556
11068	97.8543
11069	97.8524
11070	97.85
11071	97.8472
11072	97.844
11073	97.8405
11074	97.8369
11075	97.8334
11076	97.8299
11077	97.8268
11078	97.824
11079	97.8217
11080	97.82
11081	97.819
11082	97.8187
11083	97.819
11084	97.8198
11085	97.821
11086	97.8225
11087	97.8242
11088	97.8261
11089	97.8281
11090	97.83
11091	97.8318
11092	97.8335
11093	97.8349
11094	97.8359
11095	97.8365
11096	97.8365
11097	97.836
11098	97.8348
11099	97.8328
11100	97.83
11101	97.8263
11102	97.8218
11103	97.8168
11104	97.8114
11105	97.8057
11106	97.8
11107	97.7944
11108	97.789
11109	97.7842
11110	97.78
11111	97.7766
11112	97.774
11113	97.7722
11114	97.7711
11115	97.7708
11116	97.7712
11117	97.7724
11118	97.7742
11119	97.7768
11120	97.78
11121	97.7838
11122	97.7882
11123	97.7928
11124	97.7976
11125	97.8024
11126	97.8069
11127	97.8112
11128	97.8149
11129	97.8179
11130	97.82
11131	97.8212
11132	97.8214
11133	97.8207
11134	97.8193
11135	97.8173
11136	97.8146
11137	97.8115
11138	97.8079
11139	97.8041
11140	97.8
11141	97.7958
11142	97.7915
11143	97.7871
11144	97.7828
11145	97.7786
11146	97.7744
11147	97.7704
11148	97.7667
11149	97.7632
11150	97.76
11151	97.7572
11152	97.7546
11153	97.7524
11154	97.7504
11155	97.7485
11156	97.7467
11157	97.7451
11158	97.7434
11159	97.7417
11160	97.74
11161	97.7381
11162	97.7362
11163	97.7342
11164	97.7321
11165	97.73
11166	97.7279
11167	97.7258
11168	97.7238
11169	97.7218
11170	97.72
11171	97.7183
11172	97.7167
11173	97.7153
11174	97.714
11175	97.7129
11176	97.7119
11177	97.7111
11178	97.7105
11179	97.7102
11180	97.71
11181	97.71
11182	97.7103
11183	97.7108
11184	97.7115
11185	97.7124
11186	97.7135
11187	97.7148
11188	97.7163
11189	97.7181
11190	97.72
11191	97.7221
11192	97.7244
11193	97.7268
11194	97.7291
11195	97.7314
11196	97.7336
11197	97.7356
11198	97.7374
11199	97.7389
11200	97.74
11201	97.7407
11202	97.741
11203	97.7408
11204	97.7403
11205	97.7394
11206	97.7382
11207	97.7366
11208	97.7347
11209	97.7325
11210	97.73
11211	97.7273
11212	97.7243
11213	97.7214
11214	97.7186
11215	97.7159
11216	97.7136
11217	97.7117
11218	97.7104
11219	97.7098
11220	97.71
11221	97.7111
11222	97.7129
11223	97.7152
11224	97.7179
11225	97.7207
11226	97.7234
11227	97.7259
11228	97.728
11229	97.7294
11230	97.73
11231	97.7296
11232	97.7283
11233	97.7262
11234	97.7234
11235	97.7201
11236	97.7164
11237	97.7124
11238	97.7083
11239	97.7041
11240	97.7
11241	97.6961
11242	97.6924
11243	97.6889
11244	97.6856
11245	97.6825
11246	97.6796
11247	97.677
11248	97.6744
11249	97.6721
11250	97.67
11251	97.668
11252	97.6662
11253	97.6645
11254	97.6627
11255	97.661
11256	97.6592
11257	97.6572
11258	97.6551
11259	97.6527
11260	97.65
11261	97.647
11262	97.6437
11263	97.6401
11264	97.6363
11265	97.6323
11266	97.6281
11267	97.6237
11268	97.6192
11269	97.6146
11270	97.61
11271	97.6054
11272	97.6008
11273	97.5964
11274	97.5923
11275	97.5886
11276	97.5855
11277	97.5829
11278	97.5811
11279	97.5801
11280	97.58
11281	97.5809
11282	97.5828
11283	97.5853
11284	97.5884
11285	97.5919
11286	97.5957
11287	97.5996
11288	97.6033
11289	97.6069
11290	97.61
11291	97.6126
11292	97.6147
11293	97.6161
11294	97.617
11295	97.6174
11296	97.6171
11297	97.6162
11298	97.6148
11299	97.6127
11300	97.61
11301	97.6067
11302	97.6029
11303	97.5988
11304	97.5944
11305	97.5899
11306	97.5854
11307	97.581
11308	97.5769
11309	97.5732
11310	97.57
11311	97.5674
11312	97.5654
11313	97.5638
11314	97.5627
11315	97.5619
11316	97.5613
11317	97.5609
11318	97.5606
11319	97.5603
11320	97.56
11321	97.5595
11322	97.5589
11323	97.5582
11324	97.5573
11325	97.5564
11326	97.5553
11327	97.5541
11328	97.5528
11329	97.5515
11330	97.55
11331	97.5485
11332	97.5468
11333	97.5451
11334	97.5433
11335	97.5414
11336	97.5394
11337	97.5372
11338	97.5349
11339	97.5325
11340	97.53
11341	97.5273
11342	97.5246
11343	97.5219
11344	97.5193
11345	97.5169
11346	97.5147
11347	97.5128
11348	97.5114
11349	97.5104
11350	97.51
11351	97.5102
11352	97.5109
11353	97.5121
11354	97.5134
11355	97.515
11356	97.5165
11357	97.5179
11358	97.519
11359	97.5197
11360	97.52
11361	97.5196
11362	97.5186
11363	97.517
11364	97.5148
11365	97.5121
11366	97.5087
11367	97.5048
11368	97.5004
11369	97.4955
11370	97.49
11371	97.4841
11372	97.4778
11373	97.4715
11374	97.4652
11375	97.4593
11376	97.4537
11377	97.4488
11378	97.4448
11379	97.4418
11380	97.44
11381	97.4396
11382	97.4403
11383	97.442
11384	97.4444
11385	97.4472
11386	97.4503
11387	97.4533
11388	97.4561
11389	97.4584
11390	97.46
11391	97.4607
11392	97.4605
11393	97.4595
11394	97.4579
11395	97.4557
11396	97.4531
11397	97.4501
11398	97.4468
11399	97.4434
11400	97.44
11401	97.4366
11402	97.4333
11403	97.43
11404	97.4268
11405	97.4237
11406	97.4207
11407	97.4179
11408	97.4151
11409	97.4125
11410	97.41
11411	97.4077
11412	97.4055
11413	97.4034
11414	97.4014
11415	97.3994
11416	97.3975
11417	97.3957
11418	97.3938
11419	97.3919
11420	97.39
11421	97.388
11422	97.386
11423	97.384
11424	97.3819
11425	97.3798
11426	97.3778
11427	97.3757
11428	97.3738
11429	97.3719
11430	97.37
11431	97.3683
11432	97.3666
11433	97.3651
11434	97.3637
11435	97.3626
11436	97.3616
11437	97.3608
11438	97.3603
11439	97.36
11440	97.36
11441	97.3603
11442	97.3609
11443	97.3617
11444	97.3626
11445	97.3637
11446	97.365
11447	97.3662
11448	97.3675
11449	97.3688
11450	97.37
11451	97.3711
11452	97.3721
11453	97.3729
11454	97.3734
11455	97.3737
11456	97.3737
11457	97.3734
11458	97.3727
11459	97.3716
11460	97.37
11461	97.368
11462	97.3655
11463	97.3627
11464	97.3596
11465	97.3564
11466	97.353
11467	97.3496
11468	97.3463
11469	97.343
11470	97.34
11471	97.3372
11472	97.3347
11473	97.3324
11474	97.3303
11475	97.3283
11476	97.3265
11477	97.3248
11478	97.3232
11479	97.3216
11480	97.32
11481	97.3184
11482	97.3168
11483	97.3152
11484	97.3134
11485	97.3116
11486	97.3096
11487	97.3075
11488	97.3052
11489	97.3027
11490	97.3
11491	97.2971
11492	97.2939
11493	97.2907
11494	97.2874
11495	97.2841
11496	97.2809
11497	97.2778
11498	97.2749
11499	97.2723
11500	97.27
11501	97.2681
11502	97.2666
11503	97.2655
11504	97.2648
11505	97.2645
11506	97.2647
11507	97.2653
11508	97.2664
11509	97.268
11510	97.27
11511	97.2725
11512	97.2753
11513	97.2785
11514	97.2818
11515	97.2852
11516	97.2886
11517	97.2919
11518	97.2949
11519	97.2977
11520	97.3
11521	97.3018
11522	97.3032
11523	97.3041
11524	97.3045
11525	97.3046
11526	97.3043
11527	97.3036
11528	97.3027
11529	97.3015
11530	97.3
11531	97.2983
11532	97.2965
11533	97.2945
11534	97.2924
11535	97.2903
11536	97.2881
11537	97.286
11538	97.2839
11539	97.2819
11540	97.28
11541	97.2783
11542	97.2767
11543	97.2751
11544	97.2736
11545	97.2719
11546	97.2701
11547	97.2681
11548	97.2657
11549	97.2631
11550	97.26
11551	97.2565
11552	97.2526
11553	97.2484
11554	97.2441
11555	97.2397
11556	97.2353
11557	97.231
11558	97.227
11559	97.2233
11560	97.22
11561	97.2172
11562	97.215
11563	97.2132
11564	97.2118
11565	97.2108
11566	97.2101
11567	97.2097
11568	97.2096
11569	97.2097
11570	97.21
11571	97.2104
11572	97.2109
11573	97.2115
11574	97.2119
11575	97.2123
11576	97.2125
11577	97.2124
11578	97.212
11579	97.2112
11580	97.21
11581	97.2083
11582	97.2061
11583	97.2036
11584	97.2007
11585	97.1976
11586	97.1942
11587	97.1907
11588	97.1872
11589	97.1836
11590	97.18
11591	97.1765
11592	97.1732
11593	97.1701
11594	97.1673
11595	97.1649
11596	97.1628
11597	97.1612
11598	97.1602
11599	97.1598
11600	97.16
11601	97.1609
11602	97.1625
11603	97.1644
11604	97.1668
11605	97.1693
11606	97.1718
11607	97.1743
11608	97.1766
11609	97.1785
11610	97.18
11611	97.1809
11612	97.1812
11613	97.181
11614	97.1804
11615	97.1794
11616	97.178
11617	97.1763
11618	97.1744
11619	97.1723
11620	97.17
11621	97.1676
11622	97.1652
11623	97.1626
11624	97.1599
11625	97.157
11626	97.154
11627	97.1508
11628	97.1474
11629	97.1438
11630	97.14
11631	97.1359
11632	97.1317
11633	97.1274
11634	97.123
11635	97.1187
11636	97.1145
11637	97.1104
11638	97.1066
11639	97.1031
11640	97.1
11641	97.0973
11642	97.095
11643	97.0932
11644	97.0917
11645	97.0906
11646	97.0899
11647	97.0895
11648	97.0894
11649	97.0895
11650	97.09
11651	97.0907
11652	97.0915
11653	97.0924
11654	97.0932
11655	97.0938
11656	97.0941
11657	97.0939
11658	97.0933
11659	97.092
11660	97.09
11661	97.0871
11662	97.0835
11663	97.0793
11664	97.0745
11665	97.0693
11666	97.0637
11667	97.0578
11668	97.0519
11669	97.0459
11670	97.04
11671	97.0343
11672	97.0288
11673	97.0235
11674	97.0187
11675	97.0142
11676	97.0102
11677	97.0067
11678	97.0038
11679	97.0016
11680	97
11681	96.9992
11682	96.999
11683	96.9994
11684	97.0002
11685	97.0014
11686	97.003
11687	97.0047
11688	97.0065
11689	97.0083
11690	97.01
11691	97.0116
11692	97.0129
11693	97.0139
11694	97.0147
11695	97.015
11696	97.015
11697	97.0146
11698	97.0136
11699	97.0121
11700	97.01
11701	97.0073
11702	97.0042
11703	97.0007
11704	96.9971
11705	96.9934
11706	96.9899
11707	96.9866
11708	96.9838
11709	96.9815
11710	96.98
11711	96.9793
11712	96.9794
11713	96.98
11714	96.9811
11715	96.9826
11716	96.9842
11717	96.9859
11718	96.9876
11719	96.9889
11720	96.99
11721	96.9906
11722	96.9907
11723	96.9904
11724	96.9898
11725	96.9888
11726	96.9875
11727	96.9859
11728	96.9841
11729	96.9821
11730	96.98
11731	96.9778
11732	96.9755
11733	96.9732
11734	96.9709
11735	96.9686
11736	96.9665
11737	96.9646
11738	96.9628
11739	96.9612
11740	96.96
11741	96.959
11742	96.9583
11743	96.9578
11744	96.9572
11745	96.9567
11746	96.956
11747	96.955
11748	96.9538
11749	96.9521
11750	96.95
11751	96.9473
11752	96.944
11753	96.9401
11754	96.9358
11755	96.9309
11756	96.9256
11757	96.9198
11758	96.9136
11759	96.907
11760	96.9
11761	96.8927
11762	96.8851
11763	96.8775
11764	96.8698
11765	96.8622
11766	96.8548
11767	96.8478
11768	96.8413
11769	96.8353
11770	96.83
11771	96.8255
11772	96.8217
11773	96.8186
11774	96.816
11775	96.8141
11776	96.8126
11777	96.8115
11778	96.8107
11779	96.8103
11780	96.81
11781	96.8099
11782	96.8099
11783	96.81
11784	96.8101
11785	96.8103
11786	96.8104
11787	96.8105
11788	96.8105
11789	96.8103
11790	96.81
11791	96.8095
11792	96.8088
11793	96.808
11794	96.8071
11795	96.8061
11796	96.8049
11797	96.8037
11798	96.8025
11799	96.8013
11800	96.8
11801	96.7988
11802	96.7976
11803	96.7964
11804	96.7953
11805	96.7943
11806	96.7933
11807	96.7923
11808	96.7915
11809	96.7907
11810	96.79
11811	96.7894
11812	96.7888
11813	96.7883
11814	96.7877
11815	96.7869
11816	96.7861
11817	96.785
11818	96.7836
11819	96.782
11820	96.78
11821	96.7776
11822	96.7749
11823	96.7719
11824	96.7688
11825	96.7655
11826	96.7622
11827	96.7589
11828	96.7557
11829	96.7528
11830	96.75
11831	96.7475
11832	96.7454
11833	96.7434
11834	96.7415
11835	96.7397
11836	96.738
11837	96.7362
11838	96.7343
11839	96.7323
11840	96.73
11841	96.7275
11842	96.7247
11843	96.7218
11844	96.7187
11845	96.7155
11846	96.7123
11847	96.7091
11848	96.7059
11849	96.7029
11850	96.7
11851	96.6973
11852	96.6948
11853	96.6924
11854	96.6902
11855	96.6882
11856	96.6863
11857	96.6846
11858	96.6829
11859	96.6814
11860	96.68
11861	96.6787
11862	96.6774
11863	96.6763
11864	96.6752
11865	96.6742
11866	96.6732
11867	96.6723
11868	96.6715
11869	96.6707
11870	96.67
11871	96.6693
11872	96.6686
11873	96.6679
11874	96.6672
11875	96.6663
11876	96.6654
11877	96.6643
11878	96.6631
11879	96.6617
11880	96.66
11881	96.6581
11882	96.656
11883	96.6538
11884	96.6515
11885	96.6492
11886	96.647
11887	96.6449
11888	96.643
11889	96.6413
11890	96.64
11891	96.639
11892	96.6383
11893	96.6378
11894	96.6373
11895	96.6368
11896	96.6362
11897	96.6353
11898	96.634
11899	96.6323
11900	96.63
11901	96.6271
11902	96.6236
11903	96.6196
11904	96.6154
11905	96.6109
11906	96.6064
11907	96.6019
11908	96.5976
11909	96.5936
11910	96.59
11911	96.5869
11912	96.5842
11913	96.5819
11914	96.5799
11915	96.5782
11916	96.5765
11917	96.575
11918	96.5734
11919	96.5718
11920	96.57
11921	96.568
11922	96.5657
11923	96.5633
11924	96.5606
11925	96.5577
11926	96.5545
11927	96.5512
11928	96.5477
11929	96.5439
11930	96.54
11931	96.5359
11932	96.5317
11933	96.5276
11934	96.5236
11935	96.5199
11936	96.5167
11937	96.5139
11938	96.5118
11939	96.5105
11940	96.51
11941	96.5105
11942	96.5118
11943	96.5137
11944	96.5161
11945	96.5188
11946	96.5216
11947	96.5243
11948	96.5267
11949	96.5287
11950	96.53
11951	96.5306
11952	96.5304
11953	96.5296
11954	96.5281
11955	96.5261
11956	96.5236
11957	96.5207
11958	96.5174
11959	96.5138
11960	96.51
11961	96.506
11962	96.502
11963	96.498
11964	96.4942
11965	96.4906
11966	96.4874
11967	96.4846
11968	96.4824
11969	96.4808
11970	96.48
11971	96.48
11972	96.4807
11973	96.4819
11974	96.4835
11975	96.4852
11976	96.4869
11977	96.4884
11978	96.4895
11979	96.4901
11980	96.49
11981	96.489
11982	96.4872
11983	96.4848
11984	96.4819
11985	96.4785
11986	96.4749
11987	96.4711
11988	96.4673
11989	96.4635
11990	96.46
11991	96.4568
11992	96.4539
11993	96.4513
11994	96.449
11995	96.4469
11996	96.4451
11997	96.4436
11998	96.4422
11999	96.441
12000	96.44
12001	96.4392
12002	96.4384
12003	96.4377
12004	96.437
12005	96.4363
12006	96.4354
12007	96.4344
12008	96.4332
12009	96.4318
12010	96.43
12011	96.4279
12012	96.4255
12013	96.4228
12014	96.4199
12015	96.4168
12016	96.4136
12017	96.4102
12018	96.4068
12019	96.4034
12020	96.4
12021	96.3967
12022	96.3934
12023	96.3902
12024	96.3871
12025	96.3841
12026	96.3811
12027	96.3782
12028	96.3754
12029	96.3727
12030	96.37
12031	96.3674
12032	96.365
12033	96.3629
12034	96.361
12035	96.3595
12036	96.3584
12037	96.3579
12038	96.3579
12039	96.3586
12040	96.36
12041	96.3622
12042	96.365
12043	96.3683
12044	96.3718
12045	96.3755
12046	96.3792
12047	96.3826
12048	96.3857
12049	96.3882
12050	96.39
12051	96.391
12052	96.3911
12053	96.3904
12054	96.3891
12055	96.3871
12056	96.3846
12057	96.3816
12058	96.3781
12059	96.3742
12060	96.37
12061	96.3656
12062	96.361
12063	96.3563
12064	96.3517
12065	96.3472
12066	96.3429
12067	96.339
12068	96.3354
12069	96.3324
12070	96.33
12071	96.3283
12072	96.3271
12073	96.3263
12074	96.3258
12075	96.3254
12076	96.325
12077	96.3244
12078	96.3234
12079	96.322
12080	96.32
12081	96.3173
12082	96.3139
12083	96.31
12084	96.3057
12085	96.3013
12086	96.2967
12087	96.2921
12088	96.2877
12089	96.2836
12090	96.28
12091	96.2769
12092	96.2742
12093	96.272
12094	96.2701
12095	96.2683
12096	96.2668
12097	96.2652
12098	96.2636
12099	96.2619
12100	96.26
12101	96.2578
12102	96.2553
12103	96.2526
12104	96.2497
12105	96.2466
12106	96.2434
12107	96.2401
12108	96.2368
12109	96.2334
12110	96.23
12111	96.2267
12112	96.2234
12113	96.2201
12114	96.217
12115	96.2139
12116	96.2109
12117	96.208
12118	96.2052
12119	96.2025
12120	96.2
12121	96.1976
12122	96.1953
12123	96.1932
12124	96.1911
12125	96.1891
12126	96.1872
12127	96.1854
12128	96.1836
12129	96.1818
12130	96.18
12131	96.1782
12132	96.1765
12133	96.1749
12134	96.1734
12135	96.1721
12136	96.171
12137	96.1702
12138	96.1697
12139	96.1697
12140	96.17
12141	96.1708
12142	96.172
12143	96.1733
12144	96.1749
12145	96.1764
12146	96.1778
12147	96.179
12148	96.1798
12149	96.1802
12150	96.18
12151	96.1791
12152	96.1776
12153	96.1755
12154	96.1729
12155	96.1699
12156	96.1664
12157	96.1627
12158	96.1586
12159	96.1544
12160	96.15
12161	96.1455
12162	96.141
12163	96.1365
12164	96.1321
12165	96.1278
12166	96.1237
12167	96.1198
12168	96.1162
12169	96.1129
12170	96.11
12171	96.1075
12172	96.1055
12173	96.1037
12174	96.1024
12175	96.1014
12176	96.1006
12177	96.1002
12178	96.0999
12179	96.0999
12180	96.1
12181	96.1003
12182	96.1006
12183	96.101
12184	96.1014
12185	96.1017
12186	96.1018
12187	96.1018
12188	96.1015
12189	96.1009
12190	96.1
12191	96.0987
12192	96.097
12193	96.095
12194	96.0929
12195	96.0906
12196	96.0883
12197	96.086
12198	96.0838
12199	96.0818
12200	96.08
12201	96.0785
12202	96.0773
12203	96.0763
12204	96.0754
12205	96.0746
12206	96.0739
12207	96.0731
12208	96.0722
12209	96.0712
12210	96.07
12211	96.0685
12212	96.0668
12213	96.065
12214	96.063
12215	96.0608
12216	96.0586
12217	96.0564
12218	96.0542
12219	96.0521
12220	96.05
12221	96.0481
12222	96.0462
12223	96.0444
12224	96.0426
12225	96.0408
12226	96.0389
12227	96.0369
12228	96.0348
12229	96.0325
12230	96.03
12231	96.0272
12232	96.0243
12233	96.0212
12234	96.018
12235	96.0148
12236	96.0115
12237	96.0084
12238	96.0054
12239	96.0026
12240	96
12241	95.9977
12242	95.9957
12243	95.994
12244	95.9925
12245	95.9914
12246	95.9905
12247	95.99
12248	95.9897
12249	95.9897
12250	95.99
12251	95.9906
12252	95.9913
12253	95.9921
12254	95.9928
12255	95.9934
12256	95.9937
12257	95.9936
12258	95.9931
12259	95.9919
12260	95.99
12261	95.9873
12262	95.9839
12263	95.9798
12264	95.9751
12265	95.97
12266	95.9645
12267	95.9586
12268	95.9525
12269	95.9463
12270	95.94
12271	95.9337
12272	95.9276
12273	95.9216
12274	95.9158
12275	95.9103
12276	95.9052
12277	95.9006
12278	95.8965
12279	95.8929
12280	95.89
12281	95.8878
12282	95.8862
12283	95.885
12284	95.8842
12285	95.8837
12286	95.8832
12287	95.8828
12288	95.8821
12289	95.8813
12290	95.88
12291	95.8783
12292	95.8761
12293	95.8735
12294	95.8706
12295	95.8674
12296	95.8641
12297	95.8606
12298	95.8571
12299	95.8535
12300	95.85
12301	95.8466
12302	95.8434
12303	95.8404
12304	95.8377
12305	95.8353
12306	95.8333
12307	95.8317
12308	95.8306
12309	95.83
12310	95.83
12311	95.8306
12312	95.8317
12313	95.8331
12314	95.8347
12315	95.8364
12316	95.8379
12317	95.8392
12318	95.8401
12319	95.8404
12320	95.84
12321	95.8388
12322	95.8369
12323	95.8343
12324	95.8313
12325	95.8279
12326	95.8243
12327	95.8206
12328	95.8169
12329	95.8133
12330	95.81
12331	95.8071
12332	95.8045
12333	95.8022
12334	95.8001
12335	95.7982
12336	95.7965
12337	95.7949
12338	95.7933
12339	95.7917
12340	95.79
12341	95.7882
12342	95.7864
12343	95.7844
12344	95.7824
12345	95.7804
12346	95.7783
12347	95.7762
12348	95.7741
12349	95.772
12350	95.77
12351	95.768
12352	95.7661
12353	95.7641
12354	95.7622
12355	95.7603
12356	95.7584
12357	95.7564
12358	95.7543
12359	95.7522
12360	95.75
12361	95.7477
12362	95.7453
12363	95.743
12364	95.7406
12365	95.7384
12366	95.7363
12367	95.7343
12368	95.7326
12369	95.7311
12370	95.73
12371	95.7292
12372	95.7286
12373	95.7282
12374	95.7278
12375	95.7274
12376	95.7267
12377	95.7258
12378	95.7244
12379	95.7225
12380	95.72
12381	95.7168
12382	95.7129
12383	95.7085
12384	95.7036
12385	95.6984
12386	95.6929
12387	95.6872
12388	95.6814
12389	95.6756
12390	95.67
12391	95.6645
12392	95.6593
12393	95.6544
12394	95.6497
12395	95.6454
12396	95.6414
12397	95.6379
12398	95.6348
12399	95.6321
12400	95.63
12401	95.6284
12402	95.6273
12403	95.6266
12404	95.6263
12405	95.6264
12406	95.6267
12407	95.6273
12408	95.6281
12409	95.629
12410	95.63
12411	95.631
12412	95.6321
12413	95.633
12414	95.6337
12415	95.6341
12416	95.6343
12417	95.634
12418	95.6333
12419	95.6319
12420	95.63
12421	95.6274
12422	95.6242
12423	95.6205
12424	95.6164
12425	95.612
12426	95.6075
12427	95.603
12428	95.5984
12429	95.5941
12430	95.59
12431	95.5863
12432	95.5828
12433	95.5797
12434	95.5767
12435	95.5739
12436	95.5712
12437	95.5685
12438	95.5658
12439	95.563
12440	95.56
12441	95.5568
12442	95.5536
12443	95.5502
12444	95.5468
12445	95.5435
12446	95.5403
12447	95.5373
12448	95.5345
12449	95.5321
12450	95.53
12451	95.5284
12452	95.5271
12453	95.5261
12454	95.5253
12455	95.5246
12456	95.5239
12457	95.5232
12458	95.5224
12459	95.5213
12460	95.52
12461	95.5183
12462	95.5163
12463	95.5141
12464	95.5117
12465	95.5094
12466	95.5071
12467	95.5049
12468	95.5029
12469	95.5013
12470	95.5
12471	95.4992
12472	95.4988
12473	95.4987
12474	95.4988
12475	95.4991
12476	95.4995
12477	95.4998
12478	95.5001
12479	95.5002
12480	95.5
12481	95.4995
12482	95.4986
12483	95.4974
12484	95.4959
12485	95.4941
12486	95.4919
12487	95.4894
12488	95.4866
12489	95.4834
12490	95.48
12491	95.4763
12492	95.4723
12493	95.4682
12494	95.4639
12495	95.4596
12496	95.4554
12497	95.4512
12498	95.4472
12499	95.4435
12500	95.44
12501	95.4369
12502	95.4341
12503	95.4316
12504	95.4294
12505	95.4274
12506	95.4257
12507	95.4241
12508	95.4226
12509	95.4213
12510	95.42
12511	95.4188
12512	95.4176
12513	95.4165
12514	95.4154
12515	95.4143
12516	95.4134
12517	95.4124
12518	95.4116
12519	95.4108
12520	95.41
12521	95.4093
12522	95.4086
12523	95.4079
12524	95.4072
12525	95.4064
12526	95.4055
12527	95.4044
12528	95.4032
12529	95.4017
12530	95.4
12531	95.398
12532	95.3957
12533	95.3932
12534	95.3905
12535	95.3875
12536	95.3843
12537	95.381
12538	95.3775
12539	95.3738
12540	95.37
12541	95.3661
12542	95.3621
12543	95.358
12544	95.3539
12545	95.3498
12546	95.3457
12547	95.3417
12548	95.3377
12549	95.3338
12550	95.33
12551	95.3264
12552	95.3229
12553	95.3196
12554	95.3163
12555	95.3133
12556	95.3104
12557	95.3076
12558	95.3049
12559	95.3024
12560	95.3
12561	95.2977
12562	95.2956
12563	95.2935
12564	95.2915
12565	95.2896
12566	95.2877
12567	95.2858
12568	95.2839
12569	95.2819
12570	95.28
12571	95.278
12572	95.276
12573	95.2739
12574	95.2718
12575	95.2697
12576	95.2677
12577	95.2657
12578	95.2637
12579	95.2618
12580	95.26
12581	95.2583
12582	95.2566
12583	95.255
12584	95.2533
12585	95.2515
12586	95.2497
12587	95.2476
12588	95.2453
12589	95.2428
12590	95.24
12591	95.2368
12592	95.2334
12593	95.2296
12594	95.2257
12595	95.2216
12596	95.2173
12597	95.213
12598	95.2086
12599	95.2043
12600	95.2
12601	95.1958
12602	95.1917
12603	95.1879
12604	95.1843
12605	95.1809
12606	95.1779
12607	95.1753
12608	95.173
12609	95.1713
12610	95.17
12611	95.1693
12612	95.169
12613	95.169
12614	95.1693
12615	95.1697
12616	95.1702
12617	95.1705
12618	95.1707
12619	95.1705
12620	95.17
12621	95.169
12622	95.1674
12623	95.1655
12624	95.163
12625	95.1602
12626	95.1569
12627	95.1532
12628	95.1491
12629	95.1447
12630	95.14
12631	95.1349
12632	95.1297
12633	95.1243
12634	95.1188
12635	95.1134
12636	95.1081
12637	95.103
12638	95.0983
12639	95.0939
12640	95.09
12641	95.0867
12642	95.0838
12643	95.0814
12644	95.0793
12645	95.0775
12646	95.0759
12647	95.0744
12648	95.073
12649	95.0716
12650	95.07
12651	95.0683
12652	95.0664
12653	95.0645
12654	95.0624
12655	95.0603
12656	95.0582
12657	95.0561
12658	95.054
12659	95.0519
12660	95.05
12661	95.0482
12662	95.0465
12663	95.045
12664	95.0436
12665	95.0425
12666	95.0415
12667	95.0408
12668	95.0403
12669	95.04
12670	95.04
12671	95.0402
12672	95.0407
12673	95.0412
12674	95.0418
12675	95.0422
12676	95.0425
12677	95.0425
12678	95.0422
12679	95.0414
12680	95.04
12681	95.038
12682	95.0356
12683	95.0327
12684	95.0295
12685	95.0261
12686	95.0226
12687	95.0191
12688	95.0158
12689	95.0127
12690	95.01
12691	95.0077
12692	95.0058
12693	95.0041
12694	95.0026
12695	95.001
12696	94.9994
12697	94.9977
12698	94.9956
12699	94.993
12700	94.99
12701	94.9864
12702	94.9822
12703	94.9775
12704	94.9725
12705	94.9673
12706	94.9618
12707	94.9563
12708	94.9507
12709	94.9453
12710	94.94
12711	94.935
12712	94.9302
12713	94.9258
12714	94.9215
12715	94.9174
12716	94.9136
12717	94.91
12718	94.9065
12719	94.9032
12720	94.9
12721	94.897
12722	94.8941
12723	94.8914
12724	94.889
12725	94.8867
12726	94.8848
12727	94.8831
12728	94.8817
12729	94.8807
12730	94.88
12731	94.8797
12732	94.8797
12733	94.8799
12734	94.8803
12735	94.8807
12736	94.881
12737	94.8812
12738	94.8811
12739	94.8808
12740	94.88
12741	94.8787
12742	94.877
12743	94.8749
12744	94.8723
12745	94.8694
12746	94.8661
12747	94.8625
12748	94.8586
12749	94.8544
12750	94.85
12751	94.8454
12752	94.8407
12753	94.836
12754	94.8313
12755	94.8268
12756	94.8226
12757	94.8187
12758	94.8152
12759	94.8123
12760	94.81
12761	94.8084
12762	94.8073
12763	94.8068
12764	94.8068
12765	94.807
12766	94.8075
12767	94.8082
12768	94.8089
12769	94.8095
12770	94.81
12771	94.8103
12772	94.8103
12773	94.8101
12774	94.8096
12775	94.8088
12776	94.8077
12777	94.8062
12778	94.8045
12779	94.8024
12780	94.8
12781	94.7972
12782	94.7941
12783	94.7906
12784	94.7869
12785	94.7829
12786	94.7787
12787	94.7743
12788	94.7697
12789	94.7649
12790	94.76
12791	94.755
12792	94.75
12793	94.7451
12794	94.7403
12795	94.7358
12796	94.7316
12797	94.7278
12798	94.7246
12799	94.7219
12800	94.72
12801	94.7188
12802	94.7182
12803	94.7182
12804	94.7185
12805	94.719
12806	94.7196
12807	94.7201
12808	94.7204
12809	94.7205
12810	94.72
12811	94.719
12812	94.7174
12813	94.7152
12814	94.7126
12815	94.7096
12816	94.7063
12817	94.7026
12818	94.6986
12819	94.6944
12820	94.69
12821	94.6855
12822	94.6809
12823	94.6764
12824	94.6719
12825	94.6675
12826	94.6633
12827	94.6594
12828	94.6559
12829	94.6527
12830	94.65
12831	94.6478
12832	94.646
12833	94.6447
12834	94.6436
12835	94.6428
12836	94.6422
12837	94.6417
12838	94.6412
12839	94.6406
12840	94.64
12841	94.6392
12842	94.6382
12843	94.6369
12844	94.6354
12845	94.6336
12846	94.6316
12847	94.6292
12848	94.6265
12849	94.6234
12850	94.62
12851	94.6162
12852	94.612
12853	94.6077
12854	94.6033
12855	94.5988
12856	94.5945
12857	94.5903
12858	94.5865
12859	94.583
12860	94.58
12861	94.5776
12862	94.5757
12863	94.5742
12864	94.5731
12865	94.5723
12866	94.5717
12867	94.5712
12868	94.5709
12869	94.5705
12870	94.57
12871	94.5694
12872	94.5686
12873	94.5675
12874	94.5662
12875	94.5645
12876	94.5625
12877	94.5601
12878	94.5572
12879	94.5539
12880	94.55
12881	94.5456
12882	94.5407
12883	94.5355
12884	94.53
12885	94.5245
12886	94.5191
12887	94.5138
12888	94.5087
12889	94.5041
12890	94.5
12891	94.4965
12892	94.4936
12893	94.4911
12894	94.4891
12895	94.4873
12896	94.4858
12897	94.4844
12898	94.483
12899	94.4816
12900	94.48
12901	94.4782
12902	94.4763
12903	94.4743
12904	94.4721
12905	94.4699
12906	94.4678
12907	94.4656
12908	94.4636
12909	94.4617
12910	94.46
12911	94.4585
12912	94.4572
12913	94.4561
12914	94.4551
12915	94.4542
12916	94.4533
12917	94.4525
12918	94.4517
12919	94.4509
12920	94.45
12921	94.449
12922	94.4479
12923	94.4466
12924	94.4451
12925	94.4434
12926	94.4414
12927	94.4391
12928	94.4365
12929	94.4335
12930	94.43
12931	94.4261
12932	94.4218
12933	94.4172
12934	94.4123
12935	94.4071
12936	94.4018
12937	94.3964
12938	94.3909
12939	94.3854
12940	94.38
12941	94.3747
12942	94.3696
12943	94.3646
12944	94.36
12945	94.3556
12946	94.3516
12947	94.348
12948	94.3448
12949	94.3421
12950	94.34
12951	94.3384
12952	94.3373
12953	94.3365
12954	94.3359
12955	94.3354
12956	94.3349
12957	94.3342
12958	94.3333
12959	94.3319
12960	94.33
12961	94.3275
12962	94.3244
12963	94.3209
12964	94.3169
12965	94.3127
12966	94.3082
12967	94.3036
12968	94.299
12969	94.2944
12970	94.29
12971	94.2858
12972	94.2818
12973	94.2781
12974	94.2746
12975	94.2714
12976	94.2685
12977	94.2659
12978	94.2636
12979	94.2616
12980	94.26
12981	94.2587
12982	94.2577
12983	94.2569
12984	94.2561
12985	94.2555
12986	94.2548
12987	94.2539
12988	94.2529
12989	94.2516
12990	94.25
12991	94.248
12992	94.2456
12993	94.2429
12994	94.2399
12995	94.2367
12996	94.2334
12997	94.2301
12998	94.2267
12999	94.2233
13000	94.22
13001	94.2168
13002	94.2138
13003	94.2108
13004	94.2079
13005	94.2051
13006	94.2022
13007	94.1993
13008	94.1963
13009	94.1932
13010	94.19
13011	94.1866
13012	94.1831
13013	94.1795
13014	94.1757
13015	94.1717
13016	94.1676
13017	94.1634
13018	94.1591
13019	94.1546
13020	94.15
13021	94.1453
13022	94.1405
13023	94.1355
13024	94.1306
13025	94.1255
13026	94.1204
13027	94.1153
13028	94.1102
13029	94.1051
13030	94.1
13031	94.0949
13032	94.09
13033	94.0852
13034	94.0806
13035	94.0762
13036	94.0721
13037	94.0684
13038	94.0651
13039	94.0623
13040	94.06
13041	94.0582
13042	94.0569
13043	94.056
13044	94.0552
13045	94.0547
13046	94.0541
13047	94.0535
13048	94.0527
13049	94.0515
13050	94.05
13051	94.048
13052	94.0455
13053	94.0427
13054	94.0397
13055	94.0364
13056	94.033
13057	94.0296
13058	94.0262
13059	94.023
13060	94.02
13061	94.0172
13062	94.0147
13063	94.0125
13064	94.0104
13065	94.0085
13066	94.0067
13067	94.0049
13068	94.0033
13069	94.0017
13070	94
13071	93.9983
13072	93.9966
13073	93.9948
13074	93.9929
13075	93.991
13076	93.989
13077	93.9869
13078	93.9847
13079	93.9824
13080	93.98
13081	93.9775
13082	93.9749
13083	93.9721
13084	93.9693
13085	93.9664
13086	93.9633
13087	93.9601
13088	93.9569
13089	93.9535
13090	93.95
13091	93.9464
13092	93.9427
13093	93.9389
13094	93.9351
13095	93.9311
13096	93.927
13097	93.9229
13098	93.9187
13099	93.9144
13100	93.91
13101	93.9056
13102	93.9012
13103	93.8969
13104	93.8929
13105	93.8892
13106	93.886
13107	93.8834
13108	93.8814
13109	93.8803
13110	93.88
13111	93.8807
13112	93.8821
13113	93.884
13114	93.8861
13115	93.8883
13116	93.8902
13117	93.8915
13118	93.8921
13119	93.8917
13120	93.89
13121	93.8869
13122	93.8824
13123	93.8767
13124	93.8701
13125	93.8627
13126	93.8546
13127	93.8462
13128	93.8375
13129	93.8287
13130	93.82
13131	93.8116
13132	93.8036
13133	93.7962
13134	93.7895
13135	93.7835
13136	93.7785
13137	93.7745
13138	93.7716
13139	93.7701
13140	93.77
13141	93.7714
13142	93.7739
13143	93.7774
13144	93.7815
13145	93.7858
13146	93.7901
13147	93.7939
13148	93.7971
13149	93.7992
13150	93.8
13151	93.7992
13152	93.7968
13153	93.7931
13154	93.7881
13155	93.782
13156	93.775
13157	93.7671
13158	93.7585
13159	93.7495
13160	93.74
13161	93.7303
13162	93.7206
13163	93.7111
13164	93.702
13165	93.6937
13166	93.6862
13167	93.6799
13168	93.6749
13169	93.6715
13170	93.67
13171	93.6704
13172	93.6726
13173	93.6761
13174	93.6806
13175	93.6858
13176	93.6913
13177	93.6969
13178	93.7021
13179	93.7066
13180	93.71
13181	93.7121
13182	93.7129
13183	93.7125
13184	93.7109
13185	93.7081
13186	93.7043
13187	93.6996
13188	93.6939
13189	93.6873
13190	93.68
13191	93.672
13192	93.6635
13193	93.6549
13194	93.6463
13195	93.6379
13196	93.6302
13197	93.6233
13198	93.6174
13199	93.6129
13200	93.61
13201	93.6088
13202	93.6093
13203	93.611
13204	93.6139
13205	93.6176
13206	93.6219
13207	93.6265
13208	93.6313
13209	93.6358
13210	93.64
13211	93.6435
13212	93.6463
13213	93.6482
13214	93.6492
13215	93.6492
13216	93.648
13217	93.6456
13218	93.6418
13219	93.6367
13220	93.63
13221	93.6218
13222	93.6123
13223	93.6019
13224	93.5908
13225	93.5795
13226	93.5682
13227	93.5573
13228	93.547
13229	93.5378
13230	93.53
13231	93.5238
13232	93.5191
13233	93.5158
13234	93.5138
13235	93.5129
13236	93.5129
13237	93.5138
13238	93.5154
13239	93.5175
13240	93.52
13241	93.5227
13242	93.5255
13243	93.5283
13244	93.5307
13245	93.5327
13246	93.5341
13247	93.5347
13248	93.5343
13249	93.5328
13250	93.53
13251	93.5258
13252	93.5203
13253	93.5138
13254	93.5065
13255	93.4987
13256	93.4907
13257	93.4825
13258	93.4745
13259	93.4669
13260	93.46
13261	93.4539
13262	93.4487
13263	93.4444
13264	93.441
13265	93.4385
13266	93.437
13267	93.4363
13268	93.4366
13269	93.4378
13270	93.44
13271	93.4431
13272	93.4469
13273	93.4511
13274	93.4554
13275	93.4597
13276	93.4635
13277	93.4668
13278	93.4691
13279	93.4703
13280	93.47
13281	93.4681
13282	93.4647
13283	93.4601
13284	93.4544
13285	93.4478
13286	93.4406
13287	93.4331
13288	93.4253
13289	93.4175
13290	93.41
13291	93.4029
13292	93.3962
13293	93.3901
13294	93.3843
13295	93.3791
13296	93.3743
13297	93.37
13298	93.3662
13299	93.3628
13300	93.36
13301	93.3576
13302	93.3557
13303	93.354
13304	93.3524
13305	93.3509
13306	93.3493
13307	93.3476
13308	93.3455
13309	93.343
13310	93.34
13311	93.3364
13312	93.3322
13313	93.3276
13314	93.3226
13315	93.3173
13316	93.3119
13317	93.3063
13318	93.3008
13319	93.2953
13320	93.29
13321	93.285
13322	93.2803
13323	93.2759
13324	93.272
13325	93.2686
13326	93.2656
13327	93.2633
13328	93.2615
13329	93.2604
13330	93.26
13331	93.2603
13332	93.2613
13333	93.2626
13334	93.2642
13335	93.2659
13336	93.2676
13337	93.269
13338	93.2699
13339	93.2703
13340	93.27
13341	93.2688
13342	93.2667
13343	93.264
13344	93.2605
13345	93.2564
13346	93.2519
13347	93.2468
13348	93.2415
13349	93.2358
13350	93.23
13351	93.224
13352	93.2181
13353	93.2121
13354	93.2064
13355	93.2008
13356	93.1956
13357	93.1909
13358	93.1866
13359	93.183
13360	93.18
13361	93.1778
13362	93.1762
13363	93.1751
13364	93.1745
13365	93.174
13366	93.1736
13367	93.1731
13368	93.1725
13369	93.1715
13370	93.17
13371	93.1679
13372	93.1653
13373	93.1622
13374	93.1586
13375	93.1545
13376	93.1501
13377	93.1454
13378	93.1405
13379	93.1353
13380	93.13
13381	93.1246
13382	93.1191
13383	93.1136
13384	93.1082
13385	93.1029
13386	93.0978
13387	93.0929
13388	93.0882
13389	93.0839
13390	93.08
13391	93.0765
13392	93.0734
13393	93.0707
13394	93.0684
13395	93.0663
13396	93.0646
13397	93.0631
13398	93.0619
13399	93.0609
13400	93.06
13401	93.0593
13402	93.0587
13403	93.0581
13404	93.0574
13405	93.0567
13406	93.0559
13407	93.0549
13408	93.0536
13409	93.052
13410	93.05
13411	93.0476
13412	93.0449
13413	93.0419
13414	93.0388
13415	93.0355
13416	93.0321
13417	93.0288
13418	93.0257
13419	93.0227
13420	93.02
13421	93.0176
13422	93.0155
13423	93.0136
13424	93.0119
13425	93.0101
13426	93.0084
13427	93.0066
13428	93.0047
13429	93.0025
13430	93
13431	92.9972
13432	92.9941
13433	92.9908
13434	92.9874
13435	92.984
13436	92.9806
13437	92.9775
13438	92.9746
13439	92.9721
13440	92.97
13441	92.9684
13442	92.9673
13443	92.9664
13444	92.9658
13445	92.9653
13446	92.9647
13447	92.964
13448	92.9631
13449	92.9618
13450	92.96
13451	92.9577
13452	92.9548
13453	92.9515
13454	92.9477
13455	92.9437
13456	92.9393
13457	92.9347
13458	92.9299
13459	92.925
13460	92.92
13461	92.915
13462	92.9101
13463	92.9053
13464	92.9007
13465	92.8963
13466	92.8922
13467	92.8885
13468	92.8852
13469	92.8823
13470	92.88
13471	92.8782
13472	92.8769
13473	92.8757
13474	92.8747
13475	92.8735
13476	92.8721
13477	92.8702
13478	92.8676
13479	92.8643
13480	92.86
13481	92.8546
13482	92.8482
13483	92.841
13484	92.833
13485	92.8246
13486	92.8158
13487	92.8068
13488	92.7977
13489	92.7887
13490	92.78
13491	92.7717
13492	92.7639
13493	92.7567
13494	92.7501
13495	92.7443
13496	92.7394
13497	92.7354
13498	92.7325
13499	92.7306
13500	92.73
