#WL(nm)   %
300.00	0.000193156
301.00	0.000204664
302.00	0.000015101
303.00	0.000331756
304.00	0.000448127
305.00	0.000113906
306.00	0.000448758
307.00	0.001997490
308.00	0.002612338
309.00	0.017359870
310.00	0.020326748
311.00	0.008963722
312.00	0.013969958
313.00	0.034281101
314.00	0.019249504
315.00	0.631938696
316.00	9.074481964
317.00	11.997818950
318.00	20.013875960
319.00	33.686317440
320.00	48.562919620
321.00	68.074455260
322.00	80.160507200
323.00	85.093376160
324.00	89.155700680
325.00	89.576614380
326.00	90.764823910
327.00	92.100364690
328.00	92.039230350
329.00	92.450683590
330.00	93.328567500
331.00	92.656990050
332.00	93.514236450
333.00	94.482719420
334.00	93.554107670
335.00	93.973136900
336.00	95.036140440
337.00	94.898849490
338.00	95.147171020
339.00	96.018394470
340.00	95.548683170
341.00	95.861068730
342.00	95.474632260
343.00	95.711364750
344.00	95.480758670
345.00	96.539596560
346.00	96.254714970
347.00	96.379508970
348.00	95.833183290
349.00	96.044990540
350.00	95.066841130
351.00	95.381225590
352.00	95.413276670
353.00	95.560348510
354.00	95.313583370
355.00	95.542160030
356.00	95.412643430
357.00	95.265197750
358.00	95.596824650
359.00	94.914833070
360.00	95.474258420
361.00	95.222602840
362.00	95.727958680
363.00	95.421752930
364.00	95.356758120
365.00	95.595634460
366.00	95.441787720
367.00	95.830986020
368.00	95.183273320
369.00	95.809692380
370.00	95.467010500
371.00	95.499732970
372.00	94.885032650
373.00	94.196060180
374.00	95.414749150
375.00	95.447822570
376.00	95.412323000
377.00	95.261535640
378.00	95.362808230
379.00	94.153808590
380.00	94.115112300
381.00	93.589607240
382.00	71.408294680
383.00	10.642298700
384.00	2.959070444
385.00	0.204997927
386.00	0.029715328
387.00	0.007756511
388.00	0.003080639
389.00	0.001839636
390.00	0.001514541
391.00	0.001862022
392.00	0.003782534
393.00	0.004103712
394.00	0.001763146
395.00	0.000816683
396.00	0.001187852
397.00	0.002832125
398.00	0.003028069
399.00	0.001502765
400.00	0.001872299
401.00	0.003490011
402.00	0.001602586
403.00	0.000439644
404.00	0.000484786
405.00	0.001063722
406.00	0.002452977
407.00	0.002159001
408.00	0.002471547
409.00	0.004729929
410.00	0.002742644
411.00	0.000866528
412.00	0.000797493
413.00	0.001893313
414.00	0.004181006
415.00	0.005125572
416.00	0.006505751
417.00	0.007138816
418.00	0.004493135
419.00	0.004669994
420.00	0.006890829
421.00	0.003481652
422.00	0.001452238
423.00	0.001987831
424.00	0.006390652
425.00	0.004236091
426.00	0.000864967
427.00	0.000595332
428.00	0.000785747
429.00	0.000886675
430.00	0.000836126
431.00	0.001498272
432.00	0.003040048
433.00	0.000986439
434.00	0.000113084
435.00	0.000044006
436.00	0.000049368
437.00	0.000124296
438.00	0.000524960
439.00	0.001058346
440.00	0.001053968
441.00	0.001380634
442.00	0.004124173
443.00	0.007652825
444.00	0.006090383
445.00	0.006744800
446.00	0.005345551
447.00	0.002591895
448.00	0.002545998
449.00	0.004268236
450.00	0.002508506
451.00	0.000662816
452.00	0.000334235
453.00	0.000222648
454.00	0.000076123
455.00	-0.000029852
456.00	-0.000052048
457.00	-0.000052408
458.00	-0.000075335
459.00	-0.000045210
460.00	0.000068331
461.00	0.000365980
462.00	0.000136503
463.00	0.000030252
464.00	-0.000003675
465.00	0.000065175
466.00	0.000189743
467.00	0.000153361
468.00	0.000068504
469.00	0.000042449
470.00	0.000147336
471.00	0.000253152
472.00	0.000114616
473.00	-0.000002041
474.00	-0.000010721
475.00	-0.000022179
476.00	0.000021120
477.00	0.000176465
478.00	0.000351236
479.00	0.000247585
480.00	0.000110764
481.00	0.000069827
482.00	0.000005952
483.00	-0.000034024
484.00	-0.000028927
485.00	-0.000041998
486.00	-0.000022335
487.00	-0.000001292
488.00	0.000118215
489.00	0.000693574
490.00	0.005457068
491.00	0.007326822
492.00	0.002387648
493.00	0.001225884
494.00	0.001062951
495.00	0.001164608
496.00	0.001734363
497.00	0.003845831
498.00	0.005961342
499.00	0.003611994
500.00	0.001755999
501.00	0.001480554
502.00	0.002102536
503.00	0.004497321
504.00	0.004846729
505.00	0.001913898
506.00	0.000790964
507.00	0.000524597
508.00	0.000367224
509.00	0.000334712
510.00	0.000349023
511.00	0.000342447
512.00	0.000367598
513.00	0.000483437
514.00	0.000699572
515.00	0.001382538
516.00	0.002712023
517.00	0.003748510
518.00	0.003090248
519.00	0.002887670
520.00	0.003468401
521.00	0.005149156
522.00	0.005992692
523.00	0.004375635
524.00	0.002761458
525.00	0.001893698
526.00	0.001232471
527.00	0.000817629
528.00	0.000486102
529.00	0.000313402
530.00	0.000258626
531.00	0.000254729
532.00	0.000331582
533.00	0.000565217
534.00	0.001061176
535.00	0.001445296
536.00	0.001150639
537.00	0.000717067
538.00	0.000542900
539.00	0.000530665
540.00	0.000563730
541.00	0.000756361
542.00	0.001007403
543.00	0.001225006
544.00	0.001270629
545.00	0.001138627
546.00	0.000860406
547.00	0.000664830
548.00	0.000539267
549.00	0.000519712
550.00	0.000751044
551.00	0.001571745
552.00	0.004269657
553.00	0.003554461
554.00	0.000814395
555.00	0.000214117
556.00	0.000083232
557.00	0.000022449
558.00	0.000015885
559.00	0.000008035
560.00	-0.000018861
561.00	-0.000041236
562.00	0.000006981
563.00	-0.000004028
564.00	-0.000018257
565.00	-0.000020414
566.00	-0.000003463
567.00	0.000022608
568.00	0.000020647
569.00	0.000058911
570.00	0.000088123
571.00	0.000221816
572.00	0.000480410
573.00	0.000883896
574.00	0.000989094
575.00	0.001025169
576.00	0.001051083
577.00	0.001087525
578.00	0.001293296
579.00	0.001568219
580.00	0.002002661
581.00	0.002648135
582.00	0.003422186
583.00	0.004422845
584.00	0.004288565
585.00	0.003032776
586.00	0.001822667
587.00	0.001225024
588.00	0.001033440
589.00	0.000966951
590.00	0.001170354
591.00	0.001921292
592.00	0.004010180
593.00	0.008137699
594.00	0.006775368
595.00	0.002883119
596.00	0.001355012
597.00	0.000870528
598.00	0.000587205
599.00	0.000454127
600.00	0.000403338
601.00	0.000306830
602.00	0.000218647
603.00	0.000158258
604.00	0.000116676
605.00	0.000062767
606.00	0.000074544
607.00	0.000053674
608.00	0.000093309
609.00	0.000123079
610.00	0.000176541
611.00	0.000300187
612.00	0.000499539
613.00	0.000810839
614.00	0.001391031
615.00	0.002062810
616.00	0.002785298
617.00	0.003550307
618.00	0.004383355
619.00	0.005177228
620.00	0.005357350
621.00	0.004695565
622.00	0.003754199
623.00	0.003041573
624.00	0.002700271
625.00	0.002608641
626.00	0.002633061
627.00	0.002603924
628.00	0.002333651
629.00	0.001959347
630.00	0.001623773
631.00	0.001288335
632.00	0.001080908
633.00	0.001004723
634.00	0.000986868
635.00	0.000965669
636.00	0.001011657
637.00	0.000955103
638.00	0.000809665
639.00	0.000680785
640.00	0.000580539
641.00	0.000459151
642.00	0.000417866
643.00	0.000407952
644.00	0.000428618
645.00	0.000496478
646.00	0.000632242
647.00	0.000744005
648.00	0.000846565
649.00	0.000981969
650.00	0.001074058
651.00	0.001163286
652.00	0.001300327
653.00	0.001436411
654.00	0.001661184
655.00	0.001939144
656.00	0.001817222
657.00	0.001481059
658.00	0.000990349
659.00	0.000637276
660.00	0.000449240
661.00	0.000341266
662.00	0.000252861
663.00	0.000238197
664.00	0.000220511
665.00	0.000238795
666.00	0.000292658
667.00	0.000377742
668.00	0.000443434
669.00	0.000564523
670.00	0.000714466
671.00	0.000820508
672.00	0.000853844
673.00	0.000869785
674.00	0.000872124
675.00	0.000885193
676.00	0.000896771
677.00	0.000955364
678.00	0.000891522
679.00	0.000857819
680.00	0.000778680
681.00	0.000721801
682.00	0.000700015
683.00	0.000675156
684.00	0.000688315
685.00	0.000779816
686.00	0.001000516
687.00	0.001362090
688.00	0.001922931
689.00	0.002749260
690.00	0.003488965
691.00	0.003253951
692.00	0.002399622
693.00	0.001675918
694.00	0.001232901
695.00	0.001047232
696.00	0.000905168
697.00	0.000822762
698.00	0.000688579
699.00	0.000517221
700.00	0.000393296
701.00	0.000244978
702.00	0.000159473
703.00	0.000103135
704.00	0.000056798
705.00	0.000062880
706.00	0.000021527
707.00	-0.000006541
708.00	0.000052924
709.00	0.000045036
710.00	0.000000267
711.00	0.000049134
712.00	0.000041668
713.00	0.000094147
714.00	0.000135377
715.00	0.000297790
716.00	0.000526211
717.00	0.001123753
718.00	0.002417432
719.00	0.004697063
720.00	0.004709674
721.00	0.003261120
722.00	0.002479737
723.00	0.001872034
724.00	0.001840186
725.00	0.001840730
726.00	0.002095304
727.00	0.002084089
728.00	0.001806383
729.00	0.001449266
730.00	0.001106215
731.00	0.000701961
732.00	0.000633185
733.00	0.000509843
734.00	0.000389600
735.00	0.000395298
736.00	0.000418808
737.00	0.000364956
738.00	0.000510353
739.00	0.000396073
740.00	0.000586601
741.00	0.000577126
742.00	0.000541123
743.00	0.000410863
744.00	0.000447499
745.00	0.000318105
746.00	0.000339741
747.00	0.000300403
748.00	0.000331195
749.00	0.000305747
750.00	0.000263869
751.00	0.000281848
752.00	0.000320780
753.00	0.000160613
754.00	0.000124664
755.00	0.000115569
756.00	0.000100389
757.00	-0.000045785
758.00	0.000036468
759.00	-0.000036444
760.00	-0.000011411
761.00	-0.000011814
762.00	0.000024064
763.00	-0.000063443
764.00	-0.000019726
765.00	-0.000146212
766.00	-0.000056922
767.00	-0.000037279
768.00	-0.000019895
769.00	-0.000128044
770.00	0.000077733
771.00	-0.000047942
772.00	-0.000052295
773.00	0.000043080
774.00	0.000054608
775.00	0.000206069
776.00	0.000232882
777.00	0.000424082
778.00	0.000732964
779.00	0.000945876
780.00	0.001752753
781.00	0.002086615
782.00	0.002733186
783.00	0.002567903
784.00	0.002845670
785.00	0.002861591
786.00	0.003228517
787.00	0.004093041
788.00	0.005283977
789.00	0.006307823
790.00	0.007585896
791.00	0.007122174
792.00	0.005579390
793.00	0.004332112
794.00	0.002984213
795.00	0.002632162
796.00	0.002116910
797.00	0.002148126
798.00	0.001846067
799.00	0.001884336
800.00	0.002963963
800.00	0.002041817
800.20	0.006501958
800.40	0.006900369
800.60	0.007372325
800.80	0.004731236
801.00	0.004486872
801.20	0.005311122
801.40	0.006277224
801.60	0.005508603
801.80	0.004840651
802.00	0.002298412
802.20	0.005410540
802.40	0.005694272
802.60	0.005654479
802.80	0.003862900
803.00	0.005413632
803.20	0.003604052
803.40	0.003173079
803.60	0.003704484
803.80	0.006553101
804.00	0.005136636
804.20	0.003971847
804.40	0.004767320
804.60	0.005469145
804.80	0.004328073
805.00	0.006278682
805.20	0.003764682
805.40	0.004360279
805.60	0.005421492
805.80	0.005844372
806.00	0.004354521
806.20	0.004203831
806.40	0.003667145
806.60	0.004286624
806.80	0.003926410
807.00	0.005512047
807.20	0.004270361
807.40	0.002811835
807.60	0.005121732
807.80	0.003519544
808.00	0.004479411
808.20	0.002960147
808.40	0.002754853
808.60	0.005390285
808.80	0.002566064
809.00	0.003420353
809.20	0.003967901
809.40	0.003495671
809.60	0.003996549
809.80	0.005184316
810.00	0.004676806
810.20	0.002906110
810.40	0.004189114
810.60	0.002818907
810.80	0.004756955
811.00	0.002854688
811.20	0.003917266
811.40	0.003397709
811.60	0.003295298
811.80	0.004837328
812.00	0.003694352
812.20	0.003925656
812.40	0.003940223
812.60	0.001786261
812.80	0.005044098
813.00	0.004004582
813.20	0.004758182
813.40	0.003084660
813.60	0.003256983
813.80	0.002704418
814.00	0.003878097
814.20	0.003123800
814.40	0.004029112
814.60	0.004589858
814.80	0.003016033
815.00	0.003565268
815.20	0.003465477
815.40	0.001193966
815.60	0.003736509
815.80	0.003312771
816.00	0.004030369
816.20	0.004785379
816.40	0.003478555
816.60	0.004413645
816.80	0.003435791
817.00	0.003324680
817.20	0.003534853
817.40	0.005154243
817.60	0.004218551
817.80	0.004022349
818.00	0.002870572
818.20	0.003993104
818.40	0.003310717
818.60	0.005504486
818.80	0.002739058
819.00	0.002773984
819.20	0.003932860
819.40	0.001840006
819.60	0.003345425
819.80	0.002657476
820.00	0.003700894
820.20	0.003954554
820.40	0.001675549
820.60	0.004179407
820.80	0.002261005
821.00	0.002188563
821.20	0.003291068
821.40	0.003070998
821.60	0.003818135
821.80	0.002196850
822.00	0.001945101
822.20	0.001042257
822.40	0.003608847
822.60	0.004769024
822.80	0.002809412
823.00	0.003604127
823.20	0.003203551
823.40	0.002247196
823.60	0.001092045
823.80	0.003522558
824.00	0.003809041
824.20	0.002943915
824.40	0.001758741
824.60	0.002817654
824.80	0.002892772
825.00	0.002237340
825.20	0.002468462
825.40	0.001242412
825.60	0.003752736
825.80	0.002349536
826.00	0.002246385
826.20	0.001103299
826.40	0.002158265
826.60	0.002365018
826.80	0.003038960
827.00	0.001444076
827.20	0.002040016
827.40	0.003368972
827.60	0.002756416
827.80	0.002885288
828.00	0.000859365
828.20	0.002438323
828.40	0.002061656
828.60	0.002863179
828.80	0.002298145
829.00	0.003051415
829.20	0.000184648
829.40	0.002566674
829.60	0.003678658
829.80	0.001651596
830.00	0.002469075
830.20	0.000962539
830.40	0.001988950
830.60	0.000872876
830.80	0.001711768
831.00	0.000747280
831.20	0.000792494
831.40	0.002622310
831.60	0.002804133
831.80	0.001076129
832.00	0.002158628
832.20	0.001001836
832.40	0.001943713
832.60	0.001280262
832.80	0.000824833
833.00	0.003117264
833.20	0.001375869
833.40	0.002828126
833.60	0.002329704
833.80	0.001633850
834.00	0.002749651
834.20	0.002097946
834.40	0.002057727
834.60	0.001586411
834.80	0.002489451
835.00	0.001378743
835.20	0.000431103
835.40	0.000055895
835.60	0.001562694
835.80	0.001530214
836.00	0.002009627
836.20	0.001808785
836.40	0.000974407
836.60	0.000808016
836.80	0.001192238
837.00	0.001649472
837.20	0.001328357
837.40	0.001721577
837.60	0.000841845
837.80	0.003398637
838.00	0.000211027
838.20	0.000844070
838.40	0.002367099
838.60	-0.000123203
838.80	0.001713685
839.00	0.002280692
839.20	0.001920124
839.40	0.000740762
839.60	0.000186967
839.80	0.001342498
840.00	0.001892086
840.20	0.001333241
840.40	0.000920096
840.60	0.001126151
840.80	0.001416563
841.00	0.001043772
841.20	0.000942429
841.40	0.000018251
841.60	0.000524675
841.80	0.000591306
842.00	0.001926456
842.20	0.001466720
842.40	0.001402218
842.60	-0.000214621
842.80	0.000379454
843.00	0.001653360
843.20	0.001525910
843.40	0.000581044
843.60	0.000367224
843.80	0.001686477
844.00	0.000617404
844.20	0.001015817
844.40	0.001228728
844.60	0.000671131
844.80	0.001225883
845.00	0.000896663
845.20	0.000959328
845.40	0.000405009
845.60	0.001237052
845.80	0.000694577
846.00	0.001125043
846.20	0.001232436
846.40	0.000714671
846.60	0.001691230
846.80	0.000081366
847.00	0.001298454
847.20	0.000511203
847.40	0.001483120
847.60	0.000967249
847.80	0.000959713
848.00	0.000659856
848.20	0.001239903
848.40	0.001027921
848.60	-0.000289003
848.80	0.001353293
849.00	0.000023615
849.20	0.001271269
849.40	0.001555792
849.60	0.000500259
849.80	0.001417293
850.00	0.001373249
850.20	0.000909185
850.40	0.001627389
850.60	0.000968094
850.80	0.000255655
851.00	0.000799705
851.20	0.001127150
851.40	0.001062269
851.60	0.000879962
851.80	0.000798493
852.00	0.001295547
852.20	0.001120425
852.40	-0.000022313
852.60	0.000405486
852.80	0.000981214
853.00	0.000913261
853.20	0.000720070
853.40	0.000518409
853.60	0.000956703
853.80	0.000299988
854.00	0.000360317
854.20	0.000448758
854.40	0.000391790
854.60	0.001231494
854.80	0.000749944
855.00	-0.000167350
855.20	0.000574662
855.40	0.000635193
855.60	0.000151757
855.80	-0.000214782
856.00	0.000243742
856.20	0.000114907
856.40	0.000504423
856.60	0.000444788
856.80	0.000342838
857.00	0.000796135
857.20	0.000869294
857.40	0.001341303
857.60	0.000130974
857.80	0.000367729
858.00	0.000038998
858.20	0.000588499
858.40	0.000405537
858.60	0.000439363
858.80	0.002179698
859.00	-0.000075903
859.20	0.001626495
859.40	0.001214949
859.60	0.001146863
859.80	0.000392966
860.00	0.001117817
860.20	0.001197437
860.40	0.000526234
860.60	0.001327685
860.80	0.000551657
861.00	0.000176015
861.20	0.000884470
861.40	0.000892043
861.60	0.000894185
861.80	0.000768852
862.00	0.000753157
862.20	-0.000322094
862.40	0.000508026
862.60	-0.000127722
862.80	0.000358836
863.00	0.001272460
863.20	0.000687899
863.40	0.000058341
863.60	0.000384404
863.80	0.000992278
864.00	0.000368163
864.20	0.000694768
864.40	0.000172482
864.60	-0.000715759
864.80	0.000143334
865.00	-0.000418268
865.20	0.001183075
865.40	0.000558323
865.60	-0.000397486
865.80	0.000251931
866.00	0.000378851
866.20	-0.000219108
866.40	0.001233881
866.60	0.000845672
866.80	-0.000304240
867.00	-0.000125348
867.20	0.000423839
867.40	0.000081841
867.60	0.000263456
867.80	0.000337008
868.00	0.000418686
868.20	0.000084442
868.40	0.000802078
868.60	0.000502546
868.80	0.000124276
869.00	-0.000014599
869.20	-0.000216769
869.40	0.000786630
869.60	0.000872193
869.80	0.000062514
870.00	0.000165651
870.20	0.000555285
870.40	0.000715024
870.60	0.000033475
870.80	0.000934226
871.00	0.000252274
871.20	0.000718312
871.40	0.000553010
871.60	-0.000060527
871.80	-0.000014705
872.00	0.000389739
872.20	0.000375464
872.40	0.000667177
872.60	-0.000186613
872.80	0.000521681
873.00	0.000268332
873.20	0.000600383
873.40	0.000354646
873.60	0.000645045
873.80	0.000720059
874.00	0.000891238
874.20	0.000331086
874.40	0.000702115
874.60	0.000046987
874.80	0.000662395
875.00	0.000033151
875.20	-0.000099972
875.40	0.000568137
875.60	-0.000014472
875.80	-0.000196353
876.00	0.000053203
876.20	0.000682852
876.40	0.000121437
876.60	0.000248996
876.80	0.000013250
877.00	0.000259041
877.20	0.000531536
877.40	0.000293858
877.60	0.000323932
877.80	0.000459130
878.00	-0.000063600
878.20	0.000170766
878.40	0.000295037
878.60	0.000678132
878.80	0.000904548
879.00	0.000368663
879.20	0.000417944
879.40	0.000872785
879.60	-0.000024191
879.80	0.000230031
880.00	0.000385775
880.20	-0.000041952
880.40	0.000200496
880.60	0.000710142
880.80	-0.000111626
881.00	0.000169257
881.20	0.000473268
881.40	0.000283233
881.60	0.000141979
881.80	-0.000049887
882.00	0.000341918
882.20	0.000283338
882.40	0.000467399
882.60	0.000060492
882.80	0.000190697
883.00	0.000335262
883.20	0.000329211
883.40	0.000484414
883.60	0.000473033
883.80	0.000806033
884.00	0.000643913
884.20	0.000545175
884.40	0.000314441
884.60	0.000745417
884.80	0.000291586
885.00	0.000512580
885.20	0.000421035
885.40	0.000340237
885.60	0.000391718
885.80	0.000358858
886.00	0.000730838
886.20	0.000319635
886.40	0.000271742
886.60	0.000466090
886.80	0.000736956
887.00	0.000562586
887.20	0.000404085
887.40	0.000643877
887.60	0.000693980
887.80	0.000170136
888.00	0.000588302
888.20	0.000100945
888.40	0.000416703
888.60	0.000853723
888.80	0.000622537
889.00	0.000678421
889.20	0.000969131
889.40	0.000281904
889.60	0.000981381
889.80	0.000940722
890.00	0.001023905
890.20	0.000514378
890.40	0.000683821
890.60	0.000420603
890.80	0.000550238
891.00	0.000855202
891.20	0.000723522
891.40	0.000593087
891.60	0.001323486
891.80	0.000791559
892.00	0.001355050
892.20	0.001536407
892.40	0.000985527
892.60	0.001271462
892.80	0.000683682
893.00	0.001171572
893.20	0.001177381
893.40	0.001201371
893.60	0.000844398
893.80	0.001427989
894.00	0.001219962
894.20	0.001621616
894.40	0.001505783
894.60	0.001675649
894.80	0.001667874
895.00	0.001495679
895.20	0.001445872
895.40	0.001714482
895.60	0.001440018
895.80	0.001656761
896.00	0.001778527
896.20	0.001952415
896.40	0.001968073
896.60	0.001936406
896.80	0.002151859
897.00	0.001883919
897.20	0.002149248
897.40	0.001941909
897.60	0.002453609
897.80	0.002168325
898.00	0.002684777
898.20	0.002254084
898.40	0.002320940
898.60	0.002625189
898.80	0.002664606
899.00	0.002401970
899.20	0.002706411
899.40	0.003038383
899.60	0.002550655
899.80	0.002673590
900.00	0.002633326
900.20	0.002654199
900.40	0.002779364
900.60	0.003205738
900.80	0.003236859
901.00	0.003062479
901.20	0.003047006
901.40	0.003354755
901.60	0.003081154
901.80	0.002876996
902.00	0.003590947
902.20	0.003319454
902.40	0.003739862
902.60	0.003394249
902.80	0.003570591
903.00	0.003728075
903.20	0.003462338
903.40	0.003598149
903.60	0.003775601
903.80	0.003832029
904.00	0.003755734
904.20	0.004164639
904.40	0.003787803
904.60	0.003805885
904.80	0.003667329
905.00	0.004133954
905.20	0.004231368
905.40	0.004043593
905.60	0.004335379
905.80	0.004359932
906.00	0.004235399
906.20	0.004419631
906.40	0.004337174
906.60	0.004450184
906.80	0.004571992
907.00	0.004360336
907.20	0.004399487
907.40	0.004822829
907.60	0.004744499
907.80	0.004662358
908.00	0.004886914
908.20	0.004733459
908.40	0.004948374
908.60	0.004888088
908.80	0.004840098
909.00	0.005035289
909.20	0.005096629
909.40	0.005224313
909.60	0.005053392
909.80	0.005115714
910.00	0.005356967
910.20	0.005261529
910.40	0.005069781
910.60	0.004836650
910.80	0.005122134
911.00	0.005214719
911.20	0.004993727
911.40	0.005204219
911.60	0.005083376
911.80	0.005423048
912.00	0.005394301
912.20	0.005366669
912.40	0.005376062
912.60	0.005285535
912.80	0.005278072
913.00	0.005117069
913.20	0.005395287
913.40	0.005141315
913.60	0.005406323
913.80	0.005254549
914.00	0.005100412
914.20	0.005405140
914.40	0.005333821
914.60	0.005359262
914.80	0.005153810
915.00	0.005215960
915.20	0.005227303
915.40	0.005199509
915.60	0.005295491
915.80	0.005025088
916.00	0.005055031
916.20	0.005117734
916.40	0.005152220
916.60	0.005131397
916.80	0.005139308
917.00	0.005126388
917.20	0.005116782
917.40	0.004925555
917.60	0.005039388
917.80	0.005012704
918.00	0.005095874
918.20	0.005060557
918.40	0.004936574
918.60	0.004878300
918.80	0.004830779
919.00	0.004971861
919.20	0.004854866
919.40	0.004739611
919.60	0.004720503
919.80	0.004894192
920.00	0.004704737
920.20	0.004780876
920.40	0.004764172
920.60	0.004653436
920.80	0.004394308
921.00	0.004640894
921.20	0.004741639
921.40	0.004452978
921.60	0.004423938
921.80	0.004496631
922.00	0.004465456
922.20	0.004311117
922.40	0.004379053
922.60	0.004362417
922.80	0.004364781
923.00	0.004451693
923.20	0.004464678
923.40	0.004141337
923.60	0.003940962
923.80	0.004124330
924.00	0.004043950
924.20	0.004226944
924.40	0.004184954
924.60	0.004148023
924.80	0.004094545
925.00	0.004093299
925.20	0.004208928
925.40	0.004006986
925.60	0.003994982
925.80	0.004123569
926.00	0.003972317
926.20	0.003947791
926.40	0.003716176
926.60	0.003875589
926.80	0.004023009
927.00	0.003852853
927.20	0.003709211
927.40	0.003746859
927.60	0.003896290
927.80	0.003713735
928.00	0.003913769
928.20	0.003774081
928.40	0.003852923
928.60	0.003625980
928.80	0.003792612
929.00	0.003710071
929.20	0.003673372
929.40	0.003752134
929.60	0.003789712
929.80	0.003619352
930.00	0.003703162
930.20	0.003871497
930.40	0.003702953
930.60	0.003824629
930.80	0.003732241
931.00	0.003688028
931.20	0.003739240
931.40	0.003882046
931.60	0.003884358
931.80	0.003900805
932.00	0.003972996
932.20	0.003796722
932.40	0.003980083
932.60	0.003876982
932.80	0.003928559
933.00	0.004046391
933.20	0.003950371
933.40	0.004002683
933.60	0.004101211
933.80	0.004056182
934.00	0.004039028
934.20	0.004045221
934.40	0.004046869
934.60	0.004291116
934.80	0.004249825
935.00	0.004242270
935.20	0.004214343
935.40	0.004250870
935.60	0.004181634
935.80	0.004431687
936.00	0.004323344
936.20	0.004479918
936.40	0.004301559
936.60	0.004339837
936.80	0.004411202
937.00	0.004325501
937.20	0.004511524
937.40	0.004471210
937.60	0.004568722
937.80	0.004645319
938.00	0.004565037
938.20	0.004662286
938.40	0.004552778
938.60	0.004749182
938.80	0.004828208
939.00	0.004773648
939.20	0.004727444
939.40	0.004844625
939.60	0.004951247
939.80	0.004990039
940.00	0.004883994
940.20	0.005060256
940.40	0.005085093
940.60	0.005016637
940.80	0.005200003
941.00	0.005102975
941.20	0.005074231
941.40	0.005060430
941.60	0.005099206
941.80	0.005099329
942.00	0.005198954
942.20	0.005265669
942.40	0.005363098
942.60	0.005452324
942.80	0.005639928
943.00	0.005648130
943.20	0.005798928
943.40	0.005802065
943.60	0.005728703
943.80	0.005666917
944.00	0.005734778
944.20	0.005937058
944.40	0.005959929
944.60	0.005916460
944.80	0.005975693
945.00	0.005941661
945.20	0.005844718
945.40	0.006024544
945.60	0.005984917
945.80	0.005983019
946.00	0.006036731
946.20	0.006062980
946.40	0.005965561
946.60	0.006025965
946.80	0.005906239
947.00	0.005907017
947.20	0.005978094
947.40	0.005988188
947.60	0.005997787
947.80	0.005934493
948.00	0.005917530
948.20	0.005866479
948.40	0.005918216
948.60	0.005639501
948.80	0.005843883
949.00	0.005875167
949.20	0.005573002
949.40	0.005840826
949.60	0.005776024
949.80	0.005679644
950.00	0.005650762
950.20	0.005603495
950.40	0.005657413
950.60	0.005667391
950.80	0.005523615
951.00	0.005264973
951.20	0.005523122
951.40	0.005280217
951.60	0.005281037
951.80	0.005293475
952.00	0.005160483
952.20	0.005223622
952.40	0.005245098
952.60	0.005013385
952.80	0.004883046
953.00	0.005139268
953.20	0.004800957
953.40	0.004689588
953.60	0.004815483
953.80	0.004535655
954.00	0.004826693
954.20	0.004657438
954.40	0.004292310
954.60	0.004559798
954.80	0.004332681
955.00	0.004408809
955.20	0.004149680
955.40	0.004307338
955.60	0.004099957
955.80	0.004142984
956.00	0.003798427
956.20	0.003684608
956.40	0.003683843
956.60	0.003488223
956.80	0.003659731
957.00	0.003535530
957.20	0.003389569
957.40	0.003323895
957.60	0.003309774
957.80	0.003079144
958.00	0.003176573
958.20	0.002907060
958.40	0.003000178
958.60	0.002889975
958.80	0.002708979
959.00	0.002760636
959.20	0.002650499
959.40	0.002558463
959.60	0.002476209
959.80	0.002483540
960.00	0.002202041
960.20	0.002567065
960.40	0.002369558
960.60	0.002176398
960.80	0.002308754
961.00	0.002302494
961.20	0.002177505
961.40	0.002133307
961.60	0.001880555
961.80	0.002076822
962.00	0.001962444
962.20	0.001879855
962.40	0.001917706
962.60	0.001862468
962.80	0.001677719
963.00	0.001702907
963.20	0.001729743
963.40	0.001628081
963.60	0.001450420
963.80	0.001492657
964.00	0.001247684
964.20	0.001348375
964.40	0.001435492
964.60	0.001140911
964.80	0.001350124
965.00	0.001234550
965.20	0.001225562
965.40	0.001193920
965.60	0.000917177
965.80	0.001000185
966.00	0.000970689
966.20	0.001024253
966.40	0.000858680
966.60	0.000972104
966.80	0.000980681
967.00	0.000953135
967.20	0.000871345
967.40	0.000763132
967.60	0.000817709
967.80	0.000742928
968.00	0.000786885
968.20	0.000760071
968.40	0.000740446
968.60	0.000825553
968.80	0.000810676
969.00	0.000672304
969.20	0.000835471
969.40	0.000644738
969.60	0.000720435
969.80	0.000674351
970.00	0.000686240
970.20	0.000736228
970.40	0.000508420
970.60	0.000802431
970.80	0.000681719
971.00	0.000647516
971.20	0.000674028
971.40	0.000568526
971.60	0.000599280
971.80	0.000608723
972.00	0.000630839
972.20	0.000488216
972.40	0.000649421
972.60	0.000453680
972.80	0.000597270
973.00	0.000529657
973.20	0.000583613
973.40	0.000594510
973.60	0.000591799
973.80	0.000336381
974.00	0.000501963
974.20	0.000574464
974.40	0.000551376
974.60	0.000521468
974.80	0.000423230
975.00	0.000412275
975.20	0.000555327
975.40	0.000447121
975.60	0.000528268
975.80	0.000520606
976.00	0.000257886
976.20	0.000469418
976.40	0.000545878
976.60	0.000430789
976.80	0.000466080
977.00	0.000611510
977.20	0.000365741
977.40	0.000585874
977.60	0.000477949
977.80	0.000443201
978.00	0.000416835
978.20	0.000444122
978.40	0.000366525
978.60	0.000580680
978.80	0.000427477
979.00	0.000404209
979.20	0.000510371
979.40	0.000493245
979.60	0.000373686
979.80	0.000557208
980.00	0.000482024
980.20	0.000440403
980.40	0.000368811
980.60	0.000456540
980.80	0.000395176
981.00	0.000333644
981.20	0.000561492
981.40	0.000487425
981.60	0.000586004
981.80	0.000441608
982.00	0.000313666
982.20	0.000487323
982.40	0.000553872
982.60	0.000428616
982.80	0.000423647
983.00	0.000594218
983.20	0.000326505
983.40	0.000567994
983.60	0.000330373
983.80	0.000377656
984.00	0.000321408
984.20	0.000344756
984.40	0.000396324
984.60	0.000479113
984.80	0.000422347
985.00	0.000429594
985.20	0.000430265
985.40	0.000460162
985.60	0.000460567
985.80	0.000529329
986.00	0.000302760
986.20	0.000408534
986.40	0.000414171
986.60	0.000571062
986.80	0.000393848
987.00	0.000543063
987.20	0.000418003
987.40	0.000466071
987.60	0.000514343
987.80	0.000460523
988.00	0.000552588
988.20	0.000409540
988.40	0.000467217
988.60	0.000369623
988.80	0.000562220
989.00	0.000405995
989.20	0.000501963
989.40	0.000609643
989.60	0.000567614
989.80	0.000467050
990.00	0.000541008
990.20	0.000492287
990.40	0.000614151
990.60	0.000730357
990.80	0.000503520
991.00	0.000612678
991.20	0.000601476
991.40	0.000428105
991.60	0.000538178
991.80	0.000583186
992.00	0.000512360
992.20	0.000556340
992.40	0.000627205
992.60	0.000750424
992.80	0.000493215
993.00	0.000565606
993.20	0.000826474
993.40	0.000467294
993.60	0.000721936
993.80	0.000715979
994.00	0.000619170
994.20	0.000606521
994.40	0.000657966
994.60	0.000576373
994.80	0.000694458
995.00	0.000731105
995.20	0.000783186
995.40	0.000799952
995.60	0.000769649
995.80	0.000629615
996.00	0.000765851
996.20	0.000648058
996.40	0.000816928
996.60	0.000820187
996.80	0.000793718
997.00	0.000840533
997.20	0.000855291
997.40	0.000954605
997.60	0.000915377
997.80	0.000892179
998.00	0.000888564
998.20	0.000866787
998.40	0.001008219
998.60	0.001004592
998.80	0.000850584
999.00	0.000909658
999.20	0.000922857
999.40	0.000999633
999.60	0.001024168
999.80	0.001036591
1000.00	0.001142115
1000.20	0.001201995
1000.40	0.001242822
1000.60	0.001094002
1000.80	0.001125200
1001.00	0.001229847
1001.20	0.001354064
1001.40	0.001283087
1001.60	0.001410384
1001.80	0.001416688
1002.00	0.001262066
1002.20	0.001416093
1002.40	0.001477864
1002.60	0.001647301
1002.80	0.001720242
1003.00	0.001797301
1003.20	0.001793465
1003.40	0.001626613
1003.60	0.001964354
1003.80	0.001782920
1004.00	0.002026152
1004.20	0.002029233
1004.40	0.002083381
1004.60	0.002074544
1004.80	0.002326231
1005.00	0.002333938
1005.20	0.002569699
1005.40	0.002466517
1005.60	0.002521331
1005.80	0.002906730
1006.00	0.002866664
1006.20	0.003047960
1006.40	0.003032447
1006.60	0.003262623
1006.80	0.003567354
1007.00	0.003648966
1007.20	0.003777269
1007.40	0.003931708
1007.60	0.004252410
1007.80	0.004344598
1008.00	0.004697601
1008.20	0.004731422
1008.40	0.005067118
1008.60	0.005142709
1008.80	0.005659162
1009.00	0.005801263
1009.20	0.006064032
1009.40	0.006485499
1009.60	0.006631828
1009.80	0.006957534
1010.00	0.007383603
1010.20	0.007470742
1010.40	0.007934360
1010.60	0.008481955
1010.80	0.008727753
1011.00	0.008889552
1011.20	0.009378407
1011.40	0.009782433
1011.60	0.009936942
1011.80	0.010453794
1012.00	0.010802309
1012.20	0.011365689
1012.40	0.011601161
1012.60	0.012250299
1012.80	0.012463189
1013.00	0.012938350
1013.20	0.013317882
1013.40	0.013846397
1013.60	0.014251485
1013.80	0.014597521
1014.00	0.015239306
1014.20	0.015532029
1014.40	0.016006574
1014.60	0.016472945
1014.80	0.016826203
1015.00	0.017205810
1015.20	0.017597057
1015.40	0.018029375
1015.60	0.018578306
1015.80	0.019116223
1016.00	0.019334385
1016.20	0.019867398
1016.40	0.020157509
1016.60	0.020633396
1016.80	0.020910129
1017.00	0.021337602
1017.20	0.021779833
1017.40	0.022161908
1017.60	0.022581069
1017.80	0.023199137
1018.00	0.023628552
1018.20	0.023983615
1018.40	0.024416003
1018.60	0.025086943
1018.80	0.025270775
1019.00	0.025810441
1019.20	0.026221165
1019.40	0.026753079
1019.60	0.027074726
1019.80	0.027508521
1020.00	0.027921874
1020.20	0.028278204
1020.40	0.028515916
1020.60	0.028654814
1020.80	0.029133379
1021.00	0.029345145
1021.20	0.029700875
1021.40	0.029618666
1021.60	0.029942466
1021.80	0.030171607
1022.00	0.030108985
1022.20	0.030099245
1022.40	0.030062757
1022.60	0.030183187
1022.80	0.030008633
1023.00	0.030097112
1023.20	0.029925572
1023.40	0.029733926
1023.60	0.029688085
1023.80	0.029466458
1024.00	0.029332548
1024.20	0.029307779
1024.40	0.028855776
1024.60	0.028757967
1024.80	0.028483311
1025.00	0.028420849
1025.20	0.027860247
1025.40	0.027958233
1025.60	0.027537543
1025.80	0.027327217
1026.00	0.027046047
1026.20	0.026841484
1026.40	0.026394602
1026.60	0.026078984
1026.80	0.025662076
1027.00	0.025481658
1027.20	0.024982985
1027.40	0.024584256
1027.60	0.024428755
1027.80	0.024045043
1028.00	0.023665840
1028.20	0.023365144
1028.40	0.023084130
1028.60	0.022593837
1028.80	0.022372548
1029.00	0.022005739
1029.20	0.021627735
1029.40	0.021327164
1029.60	0.020905042
1029.80	0.020448018
1030.00	0.020067092
1030.20	0.019744650
1030.40	0.019396748
1030.60	0.019183038
1030.80	0.018608589
1031.00	0.018488623
1031.20	0.018119896
1031.40	0.017732799
1031.60	0.017345294
1031.80	0.017227547
1032.00	0.016637234
1032.20	0.016305732
1032.40	0.016153594
1032.60	0.015811088
1032.80	0.015541748
1033.00	0.015156128
1033.20	0.014876995
1033.40	0.014486523
1033.60	0.014289537
1033.80	0.014116414
1034.00	0.013699809
1034.20	0.013496621
1034.40	0.013363067
1034.60	0.013133649
1034.80	0.012777612
1035.00	0.012741124
1035.20	0.012431899
1035.40	0.012261674
1035.60	0.012184625
1035.80	0.011966462
1036.00	0.011855213
1036.20	0.011719884
1036.40	0.011521699
1036.60	0.011465972
1036.80	0.011379494
1037.00	0.011291045
1037.20	0.011215174
1037.40	0.011136404
1037.60	0.011038025
1037.80	0.011022232
1038.00	0.010944575
1038.20	0.010897729
1038.40	0.010751808
1038.60	0.010759714
1038.80	0.010736478
1039.00	0.010632685
1039.20	0.010775697
1039.40	0.010776810
1039.60	0.010623298
1039.80	0.010710080
1040.00	0.010798431
1040.20	0.010827729
1040.40	0.010839126
1040.60	0.010769936
1040.80	0.010872245
1041.00	0.010947502
1041.20	0.010949904
1041.40	0.011209130
1041.60	0.011146343
1041.80	0.011088977
1042.00	0.011322960
1042.20	0.011354139
1042.40	0.011569873
1042.60	0.011581870
1042.80	0.011883545
1043.00	0.011817288
1043.20	0.012062986
1043.40	0.012073341
1043.60	0.012263545
1043.80	0.012478041
1044.00	0.012629443
1044.20	0.012745744
1044.40	0.012884705
1044.60	0.013283599
1044.80	0.013270183
1045.00	0.013564507
1045.20	0.013888785
1045.40	0.014211528
1045.60	0.014255138
1045.80	0.014388737
1046.00	0.014806937
1046.20	0.015201489
1046.40	0.015524094
1046.60	0.015688982
1046.80	0.016145863
1047.00	0.016419329
1047.20	0.016542101
1047.40	0.016925668
1047.60	0.017458091
1047.80	0.017703868
1048.00	0.017997984
1048.20	0.018435940
1048.40	0.018665077
1048.60	0.019380223
1048.80	0.019573350
1049.00	0.019772274
1049.20	0.020087183
1049.40	0.020702951
1049.60	0.020959597
1049.80	0.021344395
1050.00	0.021654001
1050.20	0.022195805
1050.40	0.022657696
1050.60	0.023094069
1050.80	0.023396164
1051.00	0.023855317
1051.20	0.024263319
1051.40	0.024725534
1051.60	0.025133943
1051.80	0.025439572
1052.00	0.025976779
1052.20	0.026256595
1052.40	0.026692048
1052.60	0.027339378
1052.80	0.027745072
1053.00	0.028330844
1053.20	0.028583748
1053.40	0.029007867
1053.60	0.029520938
1053.80	0.030010203
1054.00	0.030389326
1054.20	0.030753978
1054.40	0.031268857
1054.60	0.031714816
1054.80	0.032191545
1055.00	0.032407336
1055.20	0.032757297
1055.40	0.033647705
1055.60	0.033998992
1055.80	0.034461956
1056.00	0.034845494
1056.20	0.035245575
1056.40	0.035734281
1056.60	0.036195155
1056.80	0.036583237
1057.00	0.036983263
1057.20	0.037303369
1057.40	0.037599053
1057.60	0.038064193
1057.80	0.038368516
1058.00	0.038497392
1058.20	0.038860541
1058.40	0.039202426
1058.60	0.039501064
1058.80	0.039594281
1059.00	0.039797641
1059.20	0.039839569
1059.40	0.040010538
1059.60	0.040014558
1059.80	0.039977945
1060.00	0.039998144
1060.20	0.040156946
1060.40	0.040203560
1060.60	0.040038999
1060.80	0.039868504
1061.00	0.040028375
1061.20	0.039934829
1061.40	0.039815575
1061.60	0.039920107
1061.80	0.039811879
1062.00	0.039711334
1062.20	0.039758801
1062.40	0.039655287
1062.60	0.039317783
1062.80	0.039257724
1063.00	0.039200801
1063.20	0.039137445
1063.40	0.038841959
1063.60	0.038809296
1063.80	0.038713127
1064.00	0.038467035
1064.20	0.038085818
1064.40	0.037674014
1064.60	0.037522320
1064.80	0.037194077
1065.00	0.036612421
1065.20	0.036412653
1065.40	0.035639673
1065.60	0.035490904
1065.80	0.034731194
1066.00	0.034234528
1066.20	0.033635583
1066.40	0.033246838
1066.60	0.032687631
1066.80	0.032104321
1067.00	0.031466249
1067.20	0.031041907
1067.40	0.030464854
1067.60	0.029927716
1067.80	0.029485062
1068.00	0.028941289
1068.20	0.028684713
1068.40	0.028024344
1068.60	0.027619231
1068.80	0.027092954
1069.00	0.026693169
1069.20	0.026151728
1069.40	0.025803421
1069.60	0.025407329
1069.80	0.024976259
1070.00	0.024580054
1070.20	0.024286471
1070.40	0.023679798
1070.60	0.023260184
1070.80	0.023096338
1071.00	0.022414822
1071.20	0.022271983
1071.40	0.021708312
1071.60	0.021433754
1071.80	0.020816280
1072.00	0.020563092
1072.20	0.020149760
1072.40	0.019825313
1072.60	0.019596221
1072.80	0.019147512
1073.00	0.018711843
1073.20	0.018449141
1073.40	0.018262740
1073.60	0.017919842
1073.80	0.017683465
1074.00	0.017220259
1074.20	0.017109962
1074.40	0.016618274
1074.60	0.016470291
1074.80	0.016174702
1075.00	0.016080128
1075.20	0.015870454
1075.40	0.015516812
1075.60	0.015281731
1075.80	0.015049426
1076.00	0.014955985
1076.20	0.014647974
1076.40	0.014407179
1076.60	0.014118074
1076.80	0.013911325
1077.00	0.013895068
1077.20	0.013519716
1077.40	0.013483261
1077.60	0.013174914
1077.80	0.013094220
1078.00	0.012890221
1078.20	0.012730448
1078.40	0.012424646
1078.60	0.012513684
1078.80	0.012262337
1079.00	0.012187608
1079.20	0.012016539
1079.40	0.011940134
1079.60	0.011990603
1079.80	0.011813522
1080.00	0.011551472
1080.20	0.011582823
1080.40	0.011253614
1080.60	0.011310183
1080.80	0.011234343
1081.00	0.011185421
1081.20	0.011155610
1081.40	0.011095928
1081.60	0.010935234
1081.80	0.010923662
1082.00	0.010725370
1082.20	0.010673124
1082.40	0.010714888
1082.60	0.010514557
1082.80	0.010503873
1083.00	0.010150941
1083.20	0.010393783
1083.40	0.010240746
1083.60	0.010253839
1083.80	0.010364383
1084.00	0.010078836
1084.20	0.010086950
1084.40	0.010167899
1084.60	0.009987394
1084.80	0.009872388
1085.00	0.010016393
1085.20	0.010013224
1085.40	0.009915112
1085.60	0.010038982
1085.80	0.010040980
1086.00	0.009849872
1086.20	0.010127385
1086.40	0.009982459
1086.60	0.009965967
1086.80	0.009993618
1087.00	0.010029315
1087.20	0.010107383
1087.40	0.010253439
1087.60	0.010024678
1087.80	0.010230046
1088.00	0.010048264
1088.20	0.010275803
1088.40	0.010142786
1088.60	0.010077941
1088.80	0.010119760
1089.00	0.010114943
1089.20	0.010183071
1089.40	0.010244381
1089.60	0.010229234
1089.80	0.010046124
1090.00	0.010156654
1090.20	0.010205997
1090.40	0.010203354
1090.60	0.010053768
1090.80	0.010318869
1091.00	0.010128623
1091.20	0.010240991
1091.40	0.010141166
1091.60	0.010062289
1091.80	0.010112801
1092.00	0.010435784
1092.20	0.010290178
1092.40	0.010397407
1092.60	0.010510670
1092.80	0.010546355
1093.00	0.010391625
1093.20	0.010639044
1093.40	0.010731918
1093.60	0.010865998
1093.80	0.010977705
1094.00	0.010889274
1094.20	0.011064154
1094.40	0.011194143
1094.60	0.011249667
1094.80	0.011442533
1095.00	0.011356683
1095.20	0.011442816
1095.40	0.011566890
1095.60	0.011597290
1095.80	0.011555369
1096.00	0.011794776
1096.20	0.011797038
1096.40	0.011854847
1096.60	0.012091400
1096.80	0.012228081
1097.00	0.012337112
1097.20	0.012369475
1097.40	0.012402973
1097.60	0.012557473
1097.80	0.012770058
1098.00	0.012811704
1098.20	0.012914528
1098.40	0.013112575
1098.60	0.013045941
1098.80	0.013223551
1099.00	0.013400645
1099.20	0.013533596
1099.40	0.013633627
1099.60	0.013649461
1099.80	0.014032002
1100.00	0.013972919
1100.20	0.014372977
1100.40	0.014584024
1100.60	0.014550141
1100.80	0.014674842
