#WL(nm)   %
300.00	0.000007250
301.00	-0.000035500
302.00	0.000175418
303.00	0.000385299
304.00	0.000125507
305.00	0.000010300
306.00	0.000174972
307.00	0.000326907
308.00	0.000163742
309.00	0.000032200
310.00	-0.000122406
311.00	-0.000003710
312.00	0.000254812
313.00	0.001840182
314.00	0.003724860
315.00	-0.000039900
316.00	0.000069700
317.00	0.000072700
318.00	0.000052400
319.00	-0.000170407
320.00	0.000122192
321.00	0.000200597
322.00	0.000005750
323.00	0.000009110
324.00	0.000045700
325.00	0.000032000
326.00	0.000119293
327.00	0.000051000
328.00	0.000147669
329.00	0.000939821
330.00	0.000686025
331.00	0.000298840
332.00	0.000605809
333.00	0.000259833
334.00	0.000513943
335.00	0.000046000
336.00	-0.000166467
337.00	0.000206820
338.00	0.000025300
339.00	0.000028000
340.00	0.000040200
341.00	0.000298299
342.00	-0.000196639
343.00	0.000157098
344.00	0.000101078
345.00	0.000028300
346.00	-0.000024500
347.00	-0.000214812
348.00	0.000269854
349.00	-0.000146208
350.00	-0.000010900
351.00	0.000047800
352.00	0.000112076
353.00	0.000030100
354.00	0.000032000
355.00	0.000142632
356.00	0.000146085
357.00	0.000160658
358.00	0.000094700
359.00	-0.000001570
360.00	0.000238049
361.00	0.000342924
362.00	0.000167641
363.00	-0.000003320
364.00	0.000091300
365.00	0.000207108
366.00	0.000588006
367.00	0.000155534
368.00	0.000049900
369.00	0.000009450
370.00	0.000026900
371.00	-0.000013600
372.00	0.000035500
373.00	0.000001580
374.00	0.000051800
375.00	0.000033900
376.00	0.000188660
377.00	0.000254748
378.00	0.000025400
379.00	0.000005640
380.00	0.000025000
381.00	0.000006850
382.00	0.000017200
383.00	0.000217152
384.00	0.000704401
385.00	0.000709619
386.00	0.000027300
387.00	0.000100033
388.00	0.000051500
389.00	0.000001860
390.00	-0.000007000
391.00	0.000034700
392.00	0.000044300
393.00	0.000064900
394.00	0.000009650
395.00	0.000008360
396.00	0.000065200
397.00	0.000070600
398.00	0.000012700
399.00	0.000018500
400.00	0.000064700
401.00	0.000049200
402.00	0.000126905
403.00	0.000117528
404.00	0.000132298
405.00	0.000030900
406.00	0.000003120
407.00	0.000020300
408.00	0.000080400
409.00	0.000072000
410.00	0.000037800
411.00	0.000029400
412.00	0.000051500
413.00	0.000031800
414.00	0.000081900
415.00	0.000239129
416.00	0.000052400
417.00	0.000016200
418.00	0.000107811
419.00	0.000178516
420.00	0.000012500
421.00	0.000033100
422.00	0.000195360
423.00	0.000192009
424.00	0.000054400
425.00	0.000069000
426.00	0.000266432
427.00	0.000135506
428.00	0.000100162
429.00	0.000062500
430.00	0.000141821
431.00	0.000868447
432.00	0.000280280
433.00	0.000563054
434.00	0.000588143
435.00	0.000077600
436.00	0.000115186
437.00	0.000600808
438.00	0.001241611
439.00	0.000079500
440.00	0.000020400
441.00	0.000302945
442.00	0.000574303
443.00	0.000034000
444.00	0.000090100
445.00	0.000048200
446.00	0.000016000
447.00	0.000009020
448.00	0.000036200
449.00	0.000028400
450.00	0.000008040
451.00	0.000025400
452.00	0.000017200
453.00	0.000038700
454.00	0.000019900
455.00	0.000002740
456.00	0.000034800
457.00	0.000020900
458.00	0.000006940
459.00	0.000013000
460.00	0.000006510
461.00	0.000020200
462.00	0.000063700
463.00	0.000037100
464.00	0.000014000
465.00	0.000033600
466.00	0.000096100
467.00	0.000239308
468.00	0.000169052
469.00	0.000067500
470.00	0.000075500
471.00	0.000194274
472.00	0.000161176
473.00	0.000056700
474.00	0.000047100
475.00	0.000295428
476.00	0.001249429
477.00	0.000221496
478.00	0.000030600
479.00	0.000016800
480.00	0.000018100
481.00	0.000046600
482.00	0.000216495
483.00	0.000215167
484.00	0.000043300
485.00	0.000028600
486.00	0.000033500
487.00	0.000079300
488.00	0.000611603
489.00	0.001145625
490.00	0.000267978
491.00	0.000163549
492.00	0.000204525
493.00	0.000419140
494.00	0.000458699
495.00	0.000317815
496.00	0.000334448
497.00	0.000619028
498.00	0.001249801
499.00	0.001207564
500.00	0.000988807
501.00	0.001337088
502.00	0.002180164
503.00	0.003312475
504.00	0.004639927
505.00	0.003489642
506.00	0.001273156
507.00	0.000567830
508.00	0.000439420
509.00	0.000463812
510.00	0.000653747
511.00	0.000966967
512.00	0.001480348
513.00	0.002201561
514.00	0.002950823
515.00	0.003149230
516.00	0.002610382
517.00	0.001803717
518.00	0.001295909
519.00	0.001298166
520.00	0.002095985
521.00	0.004755443
522.00	0.005016184
523.00	0.002098691
524.00	0.001182118
525.00	0.001230842
526.00	0.001932213
527.00	0.002871059
528.00	0.002526568
529.00	0.001703758
530.00	0.001706648
531.00	0.002876227
532.00	0.006392915
533.00	0.005911325
534.00	0.002380400
535.00	0.001238053
536.00	0.001161644
537.00	0.001838442
538.00	0.002359532
539.00	0.000998669
540.00	0.000283229
541.00	0.000145418
542.00	0.000095600
543.00	0.000062200
544.00	0.000082500
545.00	0.000103704
546.00	0.000126236
547.00	0.000320834
548.00	0.000945842
549.00	0.001231275
550.00	0.000650598
551.00	0.000375929
552.00	0.000327652
553.00	0.000355252
554.00	0.000505199
555.00	0.000804842
556.00	0.001571882
557.00	0.003879361
558.00	0.012183812
559.00	0.052658260
560.00	0.359728128
561.00	5.169440269
562.00	43.481998440
563.00	75.713821410
564.00	87.777687070
565.00	94.957221980
566.00	94.414520260
567.00	97.724113460
568.00	97.932876590
569.00	96.899856570
570.00	98.071823120
571.00	99.036895750
572.00	98.381423950
573.00	98.193450930
574.00	98.945037840
575.00	98.980720520
576.00	98.421844480
577.00	98.550315860
578.00	99.039085390
579.00	98.886940000
580.00	98.322845460
581.00	98.300018310
582.00	99.043304440
583.00	99.193328860
584.00	98.601432800
585.00	98.041809080
586.00	98.324874880
587.00	98.979270940
588.00	99.176338200
589.00	98.840629580
590.00	98.584205630
591.00	98.918945310
592.00	99.148216250
593.00	98.825386050
594.00	98.244216920
595.00	98.006362920
596.00	98.521438600
597.00	99.102951050
598.00	99.182571410
599.00	98.709030150
600.00	98.327377320
601.00	98.513603210
602.00	98.921066280
603.00	99.089447020
604.00	98.906784060
605.00	98.678001400
606.00	98.760597230
607.00	99.102699280
608.00	99.127014160
609.00	98.873916630
610.00	98.485008240
611.00	98.553016660
612.00	98.896949770
613.00	99.194511410
614.00	99.135246280
615.00	98.644882200
616.00	98.479919430
617.00	98.678009030
618.00	99.044113160
619.00	99.225708010
620.00	99.020423890
621.00	98.566009520
622.00	98.537162780
623.00	98.770584110
624.00	99.090888980
625.00	99.232391360
626.00	99.064811710
627.00	98.929176330
628.00	98.902771000
629.00	99.044929500
630.00	99.105125430
631.00	99.043701170
632.00	98.935127260
633.00	98.936805730
634.00	99.148216250
635.00	99.368492130
636.00	99.218467710
637.00	98.889633180
638.00	98.523223880
639.00	98.360893250
640.00	98.741355900
641.00	99.098037720
642.00	99.218162540
643.00	99.058876040
644.00	98.662841800
645.00	98.549118040
646.00	98.861076350
647.00	99.166198730
648.00	99.139579770
649.00	98.803268430
650.00	98.506980900
651.00	98.536697390
652.00	98.738288880
653.00	99.076583860
654.00	99.197067260
655.00	98.891586300
656.00	98.529602050
657.00	98.526893620
658.00	98.748962400
659.00	99.101104740
660.00	99.281379700
661.00	99.169052120
662.00	98.864059450
663.00	98.790794370
664.00	98.942245480
665.00	99.189567570
666.00	99.067871090
667.00	98.744056700
668.00	98.361320500
669.00	98.348770140
670.00	98.764671330
671.00	99.119506840
672.00	99.144020080
673.00	98.910621640
674.00	98.532043460
675.00	98.645484920
676.00	98.945800780
677.00	99.158790590
678.00	99.025985720
679.00	98.716094970
680.00	98.529388430
681.00	98.591506960
682.00	98.780632020
683.00	98.705970760
684.00	98.194519040
685.00	97.975158690
686.00	98.328033450
687.00	98.964782710
688.00	99.093978880
689.00	98.606239320
690.00	98.129882810
691.00	97.852340700
692.00	94.219001770
693.00	74.431068420
694.00	36.429443360
695.00	8.396681786
696.00	2.584973335
697.00	0.715623915
698.00	0.228192896
699.00	0.084491409
700.00	0.035162598
701.00	0.016316101
702.00	0.008240332
703.00	0.004592427
704.00	0.002627824
705.00	0.001673026
706.00	0.001145962
707.00	0.000824389
708.00	0.000613660
709.00	0.000497934
710.00	0.000441471
711.00	0.000412347
712.00	0.000426354
713.00	0.000445375
714.00	0.000591279
715.00	0.000801085
716.00	0.001162300
717.00	0.001744917
718.00	0.002135332
719.00	0.001848707
720.00	0.001169164
721.00	0.000778411
722.00	0.000511185
723.00	0.000433032
724.00	0.000338878
725.00	0.000383526
726.00	0.000425308
727.00	0.000572091
728.00	0.000928151
729.00	0.001816278
730.00	0.004100371
731.00	0.007370718
732.00	0.005880382
733.00	0.002878502
734.00	0.001650874
735.00	0.001144854
736.00	0.000974873
737.00	0.001073323
738.00	0.001211578
739.00	0.001565227
740.00	0.002030482
741.00	0.002348693
742.00	0.002158795
743.00	0.001680011
744.00	0.001246334
745.00	0.000921705
746.00	0.000834509
747.00	0.000837240
748.00	0.000813536
749.00	0.001117618
750.00	0.001540804
751.00	0.002417011
752.00	0.003645416
753.00	0.004011485
754.00	0.002742133
755.00	0.001429667
756.00	0.000906870
757.00	0.000501447
758.00	0.000305246
759.00	0.000205420
760.00	0.000120382
761.00	0.000102281
762.00	0.000099100
763.00	0.000014300
764.00	0.000008030
765.00	0.000018600
766.00	0.000029200
767.00	0.000011300
768.00	-0.000009620
769.00	0.000038800
770.00	0.000036000
771.00	0.000028600
772.00	0.000099700
773.00	0.000219257
774.00	0.000369804
775.00	0.000552142
776.00	0.001203193
777.00	0.001699093
778.00	0.001910848
779.00	0.001477820
780.00	0.001402371
781.00	0.001374086
782.00	0.001442507
783.00	0.002054125
784.00	0.003232430
785.00	0.005511235
786.00	0.006788877
787.00	0.004833956
788.00	0.002452596
789.00	0.001457273
790.00	0.000968908
791.00	0.000764091
792.00	0.000631000
793.00	0.000641475
794.00	0.000756195
795.00	0.001025366
796.00	0.001306541
797.00	0.001759906
798.00	0.002157262
799.00	0.002227448
800.00	0.032197043
801.00	0.033661969
802.00	0.032299832
803.00	0.031079398
804.00	0.033053517
805.00	0.031591866
806.00	0.032002617
807.00	0.032903779
808.00	0.033384729
809.00	0.031342193
810.00	0.032727260
811.00	0.032046586
812.00	0.032664169
813.00	0.032037552
814.00	0.032229256
815.00	0.031920351
816.00	0.032461401
817.00	0.032702848
818.00	0.031255975
819.00	0.032016058
820.00	0.032500010
821.00	0.031549171
822.00	0.030227812
823.00	0.031479657
824.00	0.031444777
825.00	0.032956585
826.00	0.033087250
827.00	0.032144088
828.00	0.032613184
829.00	0.032767009
830.00	0.034125492
831.00	0.033345312
832.00	0.033531182
833.00	0.031675469
834.00	0.032481767
835.00	0.033686608
836.00	0.032475650
837.00	0.032081753
838.00	0.033069581
839.00	0.030591382
840.00	0.032700352
841.00	0.032758281
842.00	0.033760805
843.00	0.033281658
844.00	0.032938078
845.00	0.033215627
846.00	0.033337895
847.00	0.032406226
848.00	0.034658004
849.00	0.033269804
850.00	0.031104553
851.00	0.032924384
852.00	0.032649420
853.00	0.033522289
854.00	0.034210503
855.00	0.033031769
856.00	0.033990745
857.00	0.033901155
858.00	0.034716196
859.00	0.034023687
860.00	0.034973644
861.00	0.036125414
862.00	0.035256475
863.00	0.035059012
864.00	0.035413321
865.00	0.036092632
866.00	0.035604026
867.00	0.034524418
868.00	0.034800433
869.00	0.035008386
870.00	0.034221962
871.00	0.034481704
872.00	0.033639353
873.00	0.034035150
874.00	0.034937028
875.00	0.035451852
876.00	0.036215357
877.00	0.037493736
878.00	0.037172124
879.00	0.034919232
880.00	0.037397526
881.00	0.037168812
882.00	0.034986027
883.00	0.035359621
884.00	0.034900427
885.00	0.034194261
886.00	0.033751201
887.00	0.034078669
888.00	0.033101112
889.00	0.033067681
890.00	0.034472041
891.00	0.034642477
892.00	0.034823332
893.00	0.034199569
894.00	0.032205876
895.00	0.032006498
896.00	0.033152971
897.00	0.032581583
898.00	0.033066068
899.00	0.031576820
900.00	0.032307360
901.00	0.031704314
902.00	0.031899378
903.00	0.031320222
904.00	0.033192769
905.00	0.032511309
906.00	0.032784902
907.00	0.033648189
908.00	0.035845529
909.00	0.036597855
910.00	0.035678986
911.00	0.038221419
912.00	0.037839841
913.00	0.035462637
914.00	0.034185879
915.00	0.034074187
916.00	0.033549897
917.00	0.033104692
918.00	0.032122228
919.00	0.035300232
920.00	0.034573160
921.00	0.034996267
922.00	0.033644766
923.00	0.036134586
924.00	0.035260543
925.00	0.034598492
926.00	0.034411483
927.00	0.032233257
928.00	0.030876514
929.00	0.030420994
930.00	0.030678086
931.00	0.031937715
932.00	0.030554324
933.00	0.032224271
934.00	0.031352930
935.00	0.030856283
936.00	0.031636216
937.00	0.032706074
938.00	0.031554200
939.00	0.032644715
940.00	0.031366192
941.00	0.031387664
942.00	0.031325329
943.00	0.031385969
944.00	0.030712580
945.00	0.030949296
946.00	0.031761300
947.00	0.030893661
948.00	0.033220630
949.00	0.030959241
950.00	0.032270204
951.00	0.030481257
952.00	0.031501904
953.00	0.030937290
954.00	0.031388767
955.00	0.031052027
956.00	0.030426024
957.00	0.031456344
958.00	0.030486472
959.00	0.032106154
960.00	0.030421451
961.00	0.031253587
962.00	0.030805252
963.00	0.031344824
964.00	0.031384796
965.00	0.031817868
966.00	0.031232651
967.00	0.030951411
968.00	0.031960920
969.00	0.033529442
970.00	0.032842405
971.00	0.033103786
972.00	0.032728583
973.00	0.032024354
974.00	0.031594250
975.00	0.031559646
976.00	0.032090090
977.00	0.031101715
978.00	0.031990964
979.00	0.030810103
980.00	0.030289942
981.00	0.031936198
982.00	0.031917885
983.00	0.032731555
984.00	0.031505439
985.00	0.030796986
986.00	0.032063182
987.00	0.031319227
988.00	0.032473948
989.00	0.031164326
990.00	0.031689469
991.00	0.032048952
992.00	0.031981017
993.00	0.032681651
994.00	0.031107431
995.00	0.032055505
996.00	0.033022098
997.00	0.030575424
998.00	0.033570044
999.00	0.030943865
1000.00	0.031764373
1001.00	0.031543661
1002.00	0.031212438
1003.00	0.033331990
1004.00	0.030142700
1005.00	0.032240883
1006.00	0.034388285
1007.00	0.031611413
1008.00	0.032441828
1009.00	0.032693889
1010.00	0.033549007
1011.00	0.034306046
1012.00	0.034951851
1013.00	0.035740454
1014.00	0.038518235
1015.00	0.039348148
1016.00	0.040151607
1017.00	0.040761389
1018.00	0.042441249
1019.00	0.043574326
1020.00	0.044240449
1021.00	0.046178155
1022.00	0.048340213
1023.00	0.051051691
1024.00	0.058010574
1025.00	0.067874558
1026.00	0.083289757
1027.00	0.107121758
1028.00	0.128266230
1029.00	0.139414370
1030.00	0.130665883
1031.00	0.110474847
1032.00	0.089303657
1033.00	0.073214285
1034.00	0.063102335
1035.00	0.058227085
1036.00	0.054527581
1037.00	0.054317467
1038.00	0.053371396
1039.00	0.055457778
1040.00	0.058285449
1041.00	0.062636539
1042.00	0.068115547
1043.00	0.074666984
1044.00	0.081510969
1045.00	0.081027307
1046.00	0.075633541
1047.00	0.068670362
1048.00	0.058030959
1049.00	0.050201152
1050.00	0.046093371
1051.00	0.041812599
1052.00	0.040514190
1053.00	0.037694942
1054.00	0.036884952
1055.00	0.036062706
1056.00	0.036562290
1057.00	0.036108539
1058.00	0.036120791
1059.00	0.035794705
1060.00	0.035415150
1061.00	0.035636369
1062.00	0.036811903
1063.00	0.036412459
1064.00	0.036479793
1065.00	0.037722576
1066.00	0.037347589
1067.00	0.039653812
1068.00	0.040003501
1069.00	0.042139299
1070.00	0.043885466
1071.00	0.045110386
1072.00	0.047249034
1073.00	0.048112310
1074.00	0.047716182
1075.00	0.048388850
1076.00	0.049213920
1077.00	0.047899079
1078.00	0.048998270
1079.00	0.047990143
1080.00	0.048723236
1081.00	0.049365904
1082.00	0.048711877
1083.00	0.051361986
1084.00	0.051649310
1085.00	0.054591395
1086.00	0.057208609
1087.00	0.062453642
1088.00	0.070131585
1089.00	0.079557098
1090.00	0.094599873
1091.00	0.112663195
1092.00	0.136372477
1093.00	0.150799543
1094.00	0.159067914
1095.00	0.152306885
1096.00	0.133651212
1097.00	0.114214934
1098.00	0.097250737
1099.00	0.082936794
1100.00	0.075048968
