 3000   0.0002
 3010   0.0002
 3020   0.0001
 3030   0.0001
 3040   0.0001
 3050   0.0002
 3060   0.0001
 3070   0.0001
 3080   0.0002
 3090   0.0001
 3100   0.0000
 3110   0.0001
 3120   0.0000
 3130   0.0002
 3140   0.0001
 3150   0.0001
 3160   0.0003
 3170   0.0001
 3180   0.0002
 3190   0.0002
 3200   0.0000
 3210   0.0000
 3220   0.0002
 3230   0.0001
 3240   0.0001
 3250   0.0000
 3260   0.0005
 3270   0.0002
 3280   0.0001
 3290   0.0001
 3300   0.0005
 3310   0.0006
 3320   0.0000
 3330   0.0004
 3340   0.0003
 3350   0.0001
 3360   0.0001
 3370   0.0000
 3380   0.0002
 3390   0.0002
 3400   0.0002
 3410   0.0003
 3420   0.0000
 3430   0.0001
 3440   0.0001
 3450   0.0003
 3460   0.0002
 3470   0.0000
 3480   0.0002
 3490   0.0008
 3500   0.0001
 3510   0.0001
 3520   0.0001
 3530   0.0001
 3540   0.0000
 3550   0.0000
 3560   0.0001
 3570   0.0001
 3580   0.0001
 3590   0.0002
 3600   0.0001
 3610   0.0002
 3620   0.0001
 3630   0.0002
 3640   0.0001
 3650   0.0001
 3660   0.0001
 3670   0.0001
 3680   0.0001
 3690   0.0001
 3700   0.0000
 3710   0.0001
 3720   0.0001
 3730   0.0001
 3740   0.0001
 3750   0.0001
 3760   0.0001
 3770   0.0001
 3780   0.0001
 3790   0.0001
 3800   0.0001
 3810   0.0001
 3820   0.0001
 3830   0.0000
 3840   0.0001
 3850   0.0001
 3860   0.0001
 3870   0.0000
 3880   0.0001
 3890   0.0003
 3900   0.0002
 3910   0.0010
 3920   0.0003
 3930   0.0002
 3940   0.0111
 3950   0.0091
 3960   0.0108
 3970   0.0504
 3980   0.0212
 3990   0.0679
 4000   4.7475
 4010  43.0017
 4020  79.5866
 4030  95.4937
 4040  94.2802
 4050  96.2034
 4060  96.8621
 4070  96.8662
 4080  96.2043
 4090  97.6930
 4100  97.8170
 4110  97.7817
 4120  96.4026
 4130  96.8778
 4140  97.3948
 4150  97.8739
 4160  97.5948
 4170  97.7809
 4180  97.8326
 4190  97.6606
 4200  98.3413
 4210  98.5893
 4220  98.4952
 4230  98.1393
 4240  98.2808
 4250  98.1722
 4260  98.1016
 4270  98.3384
 4280  98.0291
 4290  97.8884
 4300  98.0518
 4310  97.9687
 4320  98.3947
 4330  98.3748
 4340  98.2562
 4350  98.2807
 4360  97.9442
 4370  97.6698
 4380  98.1062
 4390  98.3268
 4400  98.3528
 4410  98.5908
 4420  98.3136
 4430  98.1969
 4440  98.3114
 4450  97.9864
 4460  97.9799
 4470  98.3501
 4480  98.2205
 4490  98.2888
 4500  98.4509
 4510  98.5604
 4520  98.5261
 4530  98.2593
 4540  98.0405
 4550  98.2185
 4560  98.3945
 4570  98.4399
 4580  98.4429
 4590  98.6312
 4600  98.3277
 4610  97.9591
 4620  98.1742
 4630  98.3629
 4640  98.1775
 4650  98.2728
 4660  98.5480
 4670  98.4040
 4680  98.4750
 4690  98.5676
 4700  98.5608
 4710  98.4634
 4720  98.6344
 4730  98.3750
 4740  97.9170
 4750  97.9990
 4760  98.3999
 4770  98.4448
 4780  98.2735
 4790  98.3094
 4800  98.2499
 4810  98.1025
 4820  98.2715
 4830  98.5716
 4840  98.8278
 4850  98.7752
 4860  98.7587
 4870  98.5035
 4880  98.4643
 4890  98.6310
 4900  98.6610
 4910  98.1803
 4920  97.8442
 4930  97.8167
 4940  97.9497
 4950  97.7443
 4960  97.8558
 4970  98.0208
 4980  97.9911
 4990  97.7878
 5000  97.8956
 5010  98.4818
 5020  98.6140
 5030  98.4286
 5040  98.4878
 5050  98.6408
 5060  98.4602
 5070  98.2668
 5080  98.4588
 5090  98.5574
 5100  98.0271
 5110  97.8034
 5120  98.1430
 5130  98.5214
 5140  98.4372
 5150  98.4808
 5160  98.4955
 5170  98.5581
 5180  98.3030
 5190  98.1058
 5200  98.4173
 5210  98.2083
 5220  97.6600
 5230  97.5344
 5240  98.1293
 5250  98.4654
 5260  97.9576
 5270  97.4071
 5280  97.7902
 5290  98.1301
 5300  97.8468
 5310  97.6079
 5320  98.0930
 5330  98.2499
 5340  97.8919
 5350  97.6988
 5360  98.2612
 5370  98.0283
 5380  97.1353
 5390  96.9028
 5400  97.9389
 5410  98.3154
 5420  97.9989
 5430  97.8392
 5440  97.9014
 5450  97.3512
 5460  96.3843
 5470  84.3709
 5480  37.6279
 5490   8.0649
 5500   1.7885
 5510   0.3801
 5520   0.1054
 5530   0.0377
 5540   0.0161
 5550   0.0083
 5560   0.0050
 5570   0.0035
 5580   0.0027
 5590   0.0022
 5600   0.0018
 5610   0.0014
 5620   0.0012
 5630   0.0009
 5640   0.0007
 5650   0.0006
 5660   0.0007
 5670   0.0007
 5680   0.0009
 5690   0.0013
 5700   0.0022
 5710   0.0037
 5720   0.0056
 5730   0.0071
 5740   0.0067
 5750   0.0053
 5760   0.0042
 5770   0.0033
 5780   0.0030
 5790   0.0030
 5800   0.0034
 5810   0.0034
 5820   0.0032
 5830   0.0028
 5840   0.0024
 5850   0.0025
 5860   0.0031
 5870   0.0044
 5880   0.0063
 5890   0.0070
 5900   0.0061
 5910   0.0057
 5920   0.0056
 5930   0.0058
 5940   0.0045
 5950   0.0029
 5960   0.0017
 5970   0.0012
 5980   0.0011
 5990   0.0010
 6000   0.0011
 6010   0.0013
 6020   0.0017
 6030   0.0023
 6040   0.0028
 6050   0.0033
 6060   0.0035
 6070   0.0035
 6080   0.0033
 6090   0.0031
 6100   0.0034
 6110   0.0039
 6120   0.0042
 6130   0.0038
 6140   0.0026
 6150   0.0016
 6160   0.0012
 6170   0.0010
 6180   0.0010
 6190   0.0011
 6200   0.0017
 6210   0.0028
 6220   0.0049
 6230   0.0057
 6240   0.0046
 6250   0.0033
 6260   0.0024
 6270   0.0017
 6280   0.0013
 6290   0.0009
 6300   0.0007
 6310   0.0005
 6320   0.0005
 6330   0.0006
 6340   0.0007
 6350   0.0008
 6360   0.0013
 6370   0.0021
 6380   0.0035
 6390   0.0044
 6400   0.0040
 6410   0.0026
 6420   0.0016
 6430   0.0009
 6440   0.0007
 6450   0.0005
 6460   0.0004
 6470   0.0003
 6480   0.0002
 6490   0.0001
 6500   0.0001
 6510   0.0001
 6520   0.0001
 6530   0.0001
 6540   0.0000
 6550   0.0001
 6560   0.0000
 6570   0.0000
 6580   0.0001
 6590   0.0001
 6600   0.0001
 6610   0.0001
 6620   0.0001
 6630   0.0001
 6640   0.0001
 6650   0.0001
 6660   0.0001
 6670   0.0002
 6680   0.0002
 6690   0.0002
 6700   0.0003
 6710   0.0004
 6720   0.0005
 6730   0.0007
 6740   0.0008
 6750   0.0008
 6760   0.0007
 6770   0.0006
 6780   0.0005
 6790   0.0004
 6800   0.0003
 6810   0.0004
 6820   0.0004
 6830   0.0005
 6840   0.0006
 6850   0.0008
 6860   0.0009
 6870   0.0008
 6880   0.0006
 6890   0.0005
 6900   0.0004
 6910   0.0004
 6920   0.0003
 6930   0.0004
 6940   0.0004
 6950   0.0004
 6960   0.0005
 6970   0.0006
 6980   0.0007
 6990   0.0009
 7000   0.0012
 7010   0.0018
 7020   0.0029
 7030   0.0061
 7040   0.0112
 7050   0.0115
 7060   0.0070
 7070   0.0041
 7080   0.0029
 7090   0.0026
 7100   0.0023
 7110   0.0027
 7120   0.0032
 7130   0.0040
 7140   0.0046
 7150   0.0053
 7160   0.0053
 7170   0.0050
 7180   0.0048
 7190   0.0046
 7200   0.0048
 7210   0.0051
 7220   0.0057
 7230   0.0061
 7240   0.0065
 7250   0.0070
 7260   0.0070
 7270   0.0067
 7280   0.0059
 7290   0.0050
 7300   0.0039
 7310   0.0031
 7320   0.0028
 7330   0.0024
 7340   0.0022
 7350   0.0025
 7360   0.0031
 7370   0.0043
 7380   0.0068
 7390   0.0089
 7400   0.0077
 7410   0.0041
 7420   0.0021
 7430   0.0011
 7440   0.0008
 7450   0.0005
 7460   0.0004
 7470   0.0004
 7480   0.0002
 7490   0.0003
 7500   0.0003
 7510   0.0003
 7520   0.0003
 7530   0.0003
 7540   0.0003
 7550   0.0005
 7560   0.0006
 7570   0.0007
 7580   0.0008
 7590   0.0010
 7600   0.0011
 7610   0.0015
 7620   0.0019
 7630   0.0022
 7640   0.0026
 7650   0.0031
 7660   0.0037
 7670   0.0044
 7680   0.0055
 7690   0.0064
 7700   0.0081
 7710   0.0081
 7720   0.0073
 7730   0.0063
 7740   0.0052
 7750   0.0041
 7760   0.0033
 7770   0.0033
 7780   0.0032
 7790   0.0033
 7800   0.0035
 7810   0.0038
 7820   0.0048
 7830   0.0050
 7840   0.0054
 7850   0.0050
 7860   0.0039
 7870   0.0029
 7880   0.0024
 7890   0.0017
 7900   0.0014
 7910   0.0010
 7920   0.0008
 7930   0.0007
 7940   0.0006
 7950   0.0005
 7960   0.0005
 7970   0.0005
 7980   0.0006
 7990   0.0005
 8000   0.0024
 8002   0.0059
 8004   0.0040
 8006   0.0057
 8008   0.0029
 8010   0.0007
 8012   0.0033
 8014   0.0039
 8016   0.0016
 8018   0.0046
 8020   0.0033
 8022   0.0026
 8024   0.0020
 8026   0.0048
 8028   0.0026
 8030   0.0046
 8032   0.0029
 8034   0.0020
 8036   0.0034
 8038   0.0057
 8040   0.0025
 8042   0.0023
 8044   0.0033
 8046   0.0025
 8048   0.0036
 8050   0.0042
 8052   0.0047
 8054   0.0028
 8056   0.0063
 8058   0.0041
 8060   0.0042
 8062   0.0011
 8064   0.0033
 8066   0.0041
 8068   0.0033
 8070   0.0049
 8072   0.0026
 8074   0.0033
 8076   0.0039
 8078   0.0039
 8080   0.0019
 8082   0.0023
 8084   0.0029
 8086   0.0054
 8088   0.0026
 8090   0.0039
 8092   0.0032
 8094   0.0038
 8096   0.0043
 8098   0.0042
 8100   0.0062
 8102   0.0039
 8104   0.0059
 8106   0.0040
 8108   0.0046
 8110   0.0038
 8112   0.0042
 8114   0.0037
 8116   0.0037
 8118   0.0056
 8120   0.0048
 8122   0.0049
 8124   0.0052
 8126   0.0043
 8128   0.0034
 8130   0.0040
 8132   0.0035
 8134   0.0028
 8136   0.0027
 8138   0.0040
 8140   0.0037
 8142   0.0026
 8144   0.0053
 8146   0.0056
 8148   0.0052
 8150   0.0027
 8152   0.0042
 8154   0.0019
 8156   0.0047
 8158   0.0034
 8160   0.0042
 8162   0.0044
 8164   0.0040
 8166   0.0027
 8168   0.0049
 8170   0.0029
 8172   0.0044
 8174   0.0045
 8176   0.0059
 8178   0.0063
 8180   0.0034
 8182   0.0050
 8184   0.0038
 8186   0.0057
 8188   0.0040
 8190   0.0040
 8192   0.0034
 8194   0.0020
 8196   0.0038
 8198   0.0023
 8200   0.0050
 8202   0.0045
 8204   0.0041
 8206   0.0042
 8208   0.0041
 8210   0.0034
 8212   0.0040
 8214   0.0049
 8216   0.0041
 8218   0.0032
 8220   0.0050
 8222   0.0030
 8224   0.0055
 8226   0.0051
 8228   0.0042
 8230   0.0043
 8232   0.0039
 8234   0.0037
 8236   0.0032
 8238   0.0053
 8240   0.0047
 8242   0.0049
 8244   0.0042
 8246   0.0036
 8248   0.0043
 8250   0.0044
 8252   0.0048
 8254   0.0038
 8256   0.0038
 8258   0.0038
 8260   0.0041
 8262   0.0045
 8264   0.0042
 8266   0.0045
 8268   0.0056
 8270   0.0030
 8272   0.0031
 8274   0.0032
 8276   0.0045
 8278   0.0045
 8280   0.0030
 8282   0.0056
 8284   0.0042
 8286   0.0035
 8288   0.0049
 8290   0.0060
 8292   0.0028
 8294   0.0053
 8296   0.0050
 8298   0.0027
 8300   0.0048
 8302   0.0028
 8304   0.0053
 8306   0.0036
 8308   0.0042
 8310   0.0037
 8312   0.0037
 8314   0.0041
 8316   0.0045
 8318   0.0028
 8320   0.0034
 8322   0.0028
 8324   0.0038
 8326   0.0030
 8328   0.0039
 8330   0.0055
 8332   0.0042
 8334   0.0045
 8336   0.0048
 8338   0.0031
 8340   0.0052
 8342   0.0041
 8344   0.0042
 8346   0.0038
 8348   0.0043
 8350   0.0041
 8352   0.0046
 8354   0.0024
 8356   0.0042
 8358   0.0034
 8360   0.0043
 8362   0.0035
 8364   0.0030
 8366   0.0042
 8368   0.0023
 8370   0.0030
 8372   0.0046
 8374   0.0044
 8376   0.0038
 8378   0.0041
 8380   0.0032
 8382   0.0035
 8384   0.0047
 8386   0.0042
 8388   0.0041
 8390   0.0053
 8392   0.0043
 8394   0.0021
 8396   0.0031
 8398   0.0045
 8400   0.0036
 8402   0.0035
 8404   0.0031
 8406   0.0029
 8408   0.0047
 8410   0.0035
 8412   0.0031
 8414   0.0034
 8416   0.0028
 8418   0.0036
 8420   0.0039
 8422   0.0033
 8424   0.0028
 8426   0.0039
 8428   0.0040
 8430   0.0042
 8432   0.0045
 8434   0.0032
 8436   0.0032
 8438   0.0039
 8440   0.0042
 8442   0.0027
 8444   0.0039
 8446   0.0036
 8448   0.0033
 8450   0.0039
 8452   0.0023
 8454   0.0022
 8456   0.0035
 8458   0.0029
 8460   0.0033
 8462   0.0027
 8464   0.0025
 8466   0.0042
 8468   0.0026
 8470   0.0035
 8472   0.0028
 8474   0.0035
 8476   0.0029
 8478   0.0031
 8480   0.0032
 8482   0.0035
 8484   0.0027
 8486   0.0024
 8488   0.0025
 8490   0.0036
 8492   0.0044
 8494   0.0039
 8496   0.0033
 8498   0.0041
 8500   0.0035
 8502   0.0036
 8504   0.0043
 8506   0.0038
 8508   0.0027
 8510   0.0033
 8512   0.0029
 8514   0.0028
 8516   0.0022
 8518   0.0036
 8520   0.0041
 8522   0.0028
 8524   0.0026
 8526   0.0024
 8528   0.0035
 8530   0.0037
 8532   0.0038
 8534   0.0034
 8536   0.0035
 8538   0.0033
 8540   0.0033
 8542   0.0031
 8544   0.0024
 8546   0.0038
 8548   0.0029
 8550   0.0016
 8552   0.0040
 8554   0.0034
 8556   0.0028
 8558   0.0022
 8560   0.0041
 8562   0.0032
 8564   0.0031
 8566   0.0033
 8568   0.0035
 8570   0.0031
 8572   0.0036
 8574   0.0045
 8576   0.0027
 8578   0.0030
 8580   0.0038
 8582   0.0040
 8584   0.0031
 8586   0.0040
 8588   0.0049
 8590   0.0031
 8592   0.0045
 8594   0.0044
 8596   0.0038
 8598   0.0037
 8600   0.0039
 8602   0.0049
 8604   0.0040
 8606   0.0049
 8608   0.0045
 8610   0.0037
 8612   0.0041
 8614   0.0041
 8616   0.0041
 8618   0.0045
 8620   0.0046
 8622   0.0038
 8624   0.0053
 8626   0.0039
 8628   0.0045
 8630   0.0045
 8632   0.0038
 8634   0.0041
 8636   0.0044
 8638   0.0048
 8640   0.0043
 8642   0.0045
 8644   0.0041
 8646   0.0042
 8648   0.0051
 8650   0.0050
 8652   0.0053
 8654   0.0045
 8656   0.0040
 8658   0.0047
 8660   0.0055
 8662   0.0052
 8664   0.0055
 8666   0.0057
 8668   0.0055
 8670   0.0048
 8672   0.0054
 8674   0.0052
 8676   0.0054
 8678   0.0057
 8680   0.0049
 8682   0.0056
 8684   0.0057
 8686   0.0054
 8688   0.0056
 8690   0.0047
 8692   0.0055
 8694   0.0062
 8696   0.0061
 8698   0.0057
 8700   0.0050
 8702   0.0057
 8704   0.0058
 8706   0.0050
 8708   0.0060
 8710   0.0061
 8712   0.0062
 8714   0.0056
 8716   0.0054
 8718   0.0056
 8720   0.0058
 8722   0.0057
 8724   0.0051
 8726   0.0054
 8728   0.0056
 8730   0.0054
 8732   0.0055
 8734   0.0055
 8736   0.0053
 8738   0.0060
 8740   0.0053
 8742   0.0052
 8744   0.0059
 8746   0.0055
 8748   0.0055
 8750   0.0056
 8752   0.0051
 8754   0.0055
 8756   0.0051
 8758   0.0051
 8760   0.0053
 8762   0.0057
 8764   0.0054
 8766   0.0058
 8768   0.0053
 8770   0.0051
 8772   0.0059
 8774   0.0053
 8776   0.0053
 8778   0.0052
 8780   0.0052
 8782   0.0057
 8784   0.0055
 8786   0.0054
 8788   0.0054
 8790   0.0057
 8792   0.0053
 8794   0.0056
 8796   0.0052
 8798   0.0054
 8800   0.0055
 8802   0.0050
 8804   0.0048
 8806   0.0053
 8808   0.0055
 8810   0.0052
 8812   0.0051
 8814   0.0053
 8816   0.0050
 8818   0.0049
 8820   0.0055
 8822   0.0051
 8824   0.0052
 8826   0.0048
 8828   0.0054
 8830   0.0055
 8832   0.0051
 8834   0.0050
 8836   0.0046
 8838   0.0052
 8840   0.0054
 8842   0.0054
 8844   0.0049
 8846   0.0052
 8848   0.0057
 8850   0.0051
 8852   0.0051
 8854   0.0049
 8856   0.0051
 8858   0.0052
 8860   0.0055
 8862   0.0052
 8864   0.0051
 8866   0.0052
 8868   0.0053
 8870   0.0048
 8872   0.0048
 8874   0.0050
 8876   0.0055
 8878   0.0048
 8880   0.0053
 8882   0.0046
 8884   0.0048
 8886   0.0055
 8888   0.0049
 8890   0.0050
 8892   0.0056
 8894   0.0048
 8896   0.0049
 8898   0.0054
 8900   0.0056
 8902   0.0050
 8904   0.0050
 8906   0.0048
 8908   0.0051
 8910   0.0053
 8912   0.0051
 8914   0.0051
 8916   0.0057
 8918   0.0049
 8920   0.0052
 8922   0.0055
 8924   0.0049
 8926   0.0053
 8928   0.0044
 8930   0.0055
 8932   0.0051
 8934   0.0048
 8936   0.0050
 8938   0.0051
 8940   0.0050
 8942   0.0055
 8944   0.0049
 8946   0.0054
 8948   0.0051
 8950   0.0052
 8952   0.0048
 8954   0.0050
 8956   0.0050
 8958   0.0051
 8960   0.0049
 8962   0.0053
 8964   0.0051
 8966   0.0051
 8968   0.0052
 8970   0.0050
 8972   0.0053
 8974   0.0051
 8976   0.0057
 8978   0.0051
 8980   0.0053
 8982   0.0050
 8984   0.0050
 8986   0.0050
 8988   0.0052
 8990   0.0048
 8992   0.0052
 8994   0.0055
 8996   0.0052
 8998   0.0052
 9000   0.0053
 9002   0.0050
 9004   0.0047
 9006   0.0051
 9008   0.0052
 9010   0.0053
 9012   0.0048
 9014   0.0048
 9016   0.0051
 9018   0.0048
 9020   0.0052
 9022   0.0049
 9024   0.0053
 9026   0.0050
 9028   0.0051
 9030   0.0053
 9032   0.0051
 9034   0.0049
 9036   0.0051
 9038   0.0050
 9040   0.0051
 9042   0.0053
 9044   0.0051
 9046   0.0050
 9048   0.0048
 9050   0.0051
 9052   0.0052
 9054   0.0051
 9056   0.0050
 9058   0.0053
 9060   0.0052
 9062   0.0055
 9064   0.0051
 9066   0.0051
 9068   0.0051
 9070   0.0051
 9072   0.0052
 9074   0.0055
 9076   0.0052
 9078   0.0052
 9080   0.0054
 9082   0.0053
 9084   0.0053
 9086   0.0052
 9088   0.0055
 9090   0.0054
 9092   0.0054
 9094   0.0054
 9096   0.0054
 9098   0.0054
 9100   0.0055
 9102   0.0055
 9104   0.0053
 9106   0.0052
 9108   0.0056
 9110   0.0055
 9112   0.0055
 9114   0.0055
 9116   0.0052
 9118   0.0055
 9120   0.0056
 9122   0.0055
 9124   0.0056
 9126   0.0054
 9128   0.0055
 9130   0.0053
 9132   0.0053
 9134   0.0053
 9136   0.0057
 9138   0.0053
 9140   0.0055
 9142   0.0057
 9144   0.0055
 9146   0.0056
 9148   0.0055
 9150   0.0054
 9152   0.0053
 9154   0.0054
 9156   0.0056
 9158   0.0055
 9160   0.0054
 9162   0.0056
 9164   0.0055
 9166   0.0055
 9168   0.0053
 9170   0.0054
 9172   0.0053
 9174   0.0053
 9176   0.0053
 9178   0.0054
 9180   0.0054
 9182   0.0054
 9184   0.0053
 9186   0.0054
 9188   0.0052
 9190   0.0052
 9192   0.0053
 9194   0.0052
 9196   0.0053
 9198   0.0053
 9200   0.0052
 9202   0.0052
 9204   0.0053
 9206   0.0050
 9208   0.0051
 9210   0.0054
 9212   0.0052
 9214   0.0052
 9216   0.0050
 9218   0.0051
 9220   0.0051
 9222   0.0050
 9224   0.0049
 9226   0.0049
 9228   0.0050
 9230   0.0051
 9232   0.0051
 9234   0.0051
 9236   0.0047
 9238   0.0048
 9240   0.0048
 9242   0.0049
 9244   0.0048
 9246   0.0049
 9248   0.0049
 9250   0.0048
 9252   0.0048
 9254   0.0047
 9256   0.0045
 9258   0.0048
 9260   0.0046
 9262   0.0045
 9264   0.0045
 9266   0.0045
 9268   0.0044
 9270   0.0045
 9272   0.0045
 9274   0.0042
 9276   0.0043
 9278   0.0042
 9280   0.0042
 9282   0.0040
 9284   0.0041
 9286   0.0039
 9288   0.0040
 9290   0.0040
 9292   0.0038
 9294   0.0038
 9296   0.0038
 9298   0.0037
 9300   0.0036
 9302   0.0038
 9304   0.0035
 9306   0.0035
 9308   0.0037
 9310   0.0034
 9312   0.0033
 9314   0.0035
 9316   0.0033
 9318   0.0033
 9320   0.0033
 9322   0.0032
 9324   0.0033
 9326   0.0031
 9328   0.0032
 9330   0.0031
 9332   0.0030
 9334   0.0029
 9336   0.0029
 9338   0.0029
 9340   0.0028
 9342   0.0028
 9344   0.0028
 9346   0.0027
 9348   0.0027
 9350   0.0027
 9352   0.0027
 9354   0.0025
 9356   0.0027
 9358   0.0026
 9360   0.0023
 9362   0.0025
 9364   0.0024
 9366   0.0024
 9368   0.0022
 9370   0.0021
 9372   0.0022
 9374   0.0021
 9376   0.0021
 9378   0.0020
 9380   0.0020
 9382   0.0020
 9384   0.0020
 9386   0.0020
 9388   0.0020
 9390   0.0019
 9392   0.0018
 9394   0.0019
 9396   0.0018
 9398   0.0018
 9400   0.0016
 9402   0.0017
 9404   0.0016
 9406   0.0016
 9408   0.0015
 9410   0.0015
 9412   0.0015
 9414   0.0013
 9416   0.0013
 9418   0.0013
 9420   0.0013
 9422   0.0013
 9424   0.0014
 9426   0.0013
 9428   0.0012
 9430   0.0012
 9432   0.0013
 9434   0.0012
 9436   0.0012
 9438   0.0011
 9440   0.0011
 9442   0.0012
 9444   0.0012
 9446   0.0009
 9448   0.0013
 9450   0.0010
 9452   0.0009
 9454   0.0009
 9456   0.0008
 9458   0.0010
 9460   0.0010
 9462   0.0009
 9464   0.0008
 9466   0.0009
 9468   0.0009
 9470   0.0007
 9472   0.0008
 9474   0.0008
 9476   0.0009
 9478   0.0008
 9480   0.0007
 9482   0.0008
 9484   0.0009
 9486   0.0007
 9488   0.0008
 9490   0.0009
 9492   0.0005
 9494   0.0008
 9496   0.0006
 9498   0.0008
 9500   0.0008
 9502   0.0006
 9504   0.0007
 9506   0.0007
 9508   0.0006
 9510   0.0006
 9512   0.0008
 9514   0.0006
 9516   0.0008
 9518   0.0008
 9520   0.0007
 9522   0.0007
 9524   0.0008
 9526   0.0006
 9528   0.0006
 9530   0.0007
 9532   0.0009
 9534   0.0006
 9536   0.0007
 9538   0.0006
 9540   0.0010
 9542   0.0008
 9544   0.0007
 9546   0.0010
 9548   0.0008
 9550   0.0008
 9552   0.0009
 9554   0.0009
 9556   0.0010
 9558   0.0011
 9560   0.0008
 9562   0.0009
 9564   0.0011
 9566   0.0009
 9568   0.0011
 9570   0.0011
 9572   0.0011
 9574   0.0012
 9576   0.0012
 9578   0.0011
 9580   0.0013
 9582   0.0013
 9584   0.0012
 9586   0.0013
 9588   0.0014
 9590   0.0014
 9592   0.0013
 9594   0.0015
 9596   0.0014
 9598   0.0016
 9600   0.0016
 9602   0.0017
 9604   0.0017
 9606   0.0016
 9608   0.0019
 9610   0.0020
 9612   0.0019
 9614   0.0021
 9616   0.0021
 9618   0.0021
 9620   0.0022
 9622   0.0024
 9624   0.0025
 9626   0.0025
 9628   0.0024
 9630   0.0025
 9632   0.0027
 9634   0.0027
 9636   0.0027
 9638   0.0029
 9640   0.0028
 9642   0.0029
 9644   0.0030
 9646   0.0029
 9648   0.0031
 9650   0.0033
 9652   0.0033
 9654   0.0033
 9656   0.0032
 9658   0.0032
 9660   0.0035
 9662   0.0036
 9664   0.0036
 9666   0.0036
 9668   0.0038
 9670   0.0040
 9672   0.0039
 9674   0.0039
 9676   0.0042
 9678   0.0042
 9680   0.0041
 9682   0.0043
 9684   0.0043
 9686   0.0045
 9688   0.0046
 9690   0.0046
 9692   0.0048
 9694   0.0049
 9696   0.0048
 9698   0.0050
 9700   0.0051
 9702   0.0051
 9704   0.0051
 9706   0.0052
 9708   0.0055
 9710   0.0054
 9712   0.0056
 9714   0.0056
 9716   0.0057
 9718   0.0059
 9720   0.0058
 9722   0.0059
 9724   0.0060
 9726   0.0061
 9728   0.0061
 9730   0.0062
 9732   0.0064
 9734   0.0061
 9736   0.0063
 9738   0.0063
 9740   0.0064
 9742   0.0066
 9744   0.0065
 9746   0.0066
 9748   0.0066
 9750   0.0066
 9752   0.0066
 9754   0.0068
 9756   0.0067
 9758   0.0068
 9760   0.0067
 9762   0.0067
 9764   0.0068
 9766   0.0068
 9768   0.0068
 9770   0.0069
 9772   0.0069
 9774   0.0070
 9776   0.0069
 9778   0.0070
 9780   0.0069
 9782   0.0069
 9784   0.0068
 9786   0.0069
 9788   0.0069
 9790   0.0070
 9792   0.0069
 9794   0.0068
 9796   0.0068
 9798   0.0069
 9800   0.0068
 9802   0.0067
 9804   0.0066
 9806   0.0068
 9808   0.0067
 9810   0.0067
 9812   0.0068
 9814   0.0067
 9816   0.0066
 9818   0.0065
 9820   0.0065
 9822   0.0065
 9824   0.0065
 9826   0.0063
 9828   0.0064
 9830   0.0062
 9832   0.0063
 9834   0.0064
 9836   0.0062
 9838   0.0063
 9840   0.0062
 9842   0.0060
 9844   0.0062
 9846   0.0060
 9848   0.0060
 9850   0.0058
 9852   0.0060
 9854   0.0058
 9856   0.0057
 9858   0.0057
 9860   0.0055
 9862   0.0055
 9864   0.0056
 9866   0.0054
 9868   0.0054
 9870   0.0054
 9872   0.0053
 9874   0.0052
 9876   0.0051
 9878   0.0051
 9880   0.0049
 9882   0.0049
 9884   0.0047
 9886   0.0049
 9888   0.0048
 9890   0.0047
 9892   0.0046
 9894   0.0046
 9896   0.0046
 9898   0.0045
 9900   0.0045
 9902   0.0043
 9904   0.0043
 9906   0.0042
 9908   0.0042
 9910   0.0041
 9912   0.0043
 9914   0.0040
 9916   0.0040
 9918   0.0040
 9920   0.0040
 9922   0.0038
 9924   0.0041
 9926   0.0038
 9928   0.0038
 9930   0.0037
 9932   0.0039
 9934   0.0038
 9936   0.0039
 9938   0.0038
 9940   0.0038
 9942   0.0036
 9944   0.0038
 9946   0.0037
 9948   0.0036
 9950   0.0038
 9952   0.0038
 9954   0.0037
 9956   0.0036
 9958   0.0038
 9960   0.0037
 9962   0.0038
 9964   0.0038
 9966   0.0038
 9968   0.0038
 9970   0.0039
 9972   0.0040
 9974   0.0040
 9976   0.0042
 9978   0.0042
 9980   0.0045
 9982   0.0044
 9984   0.0046
 9986   0.0047
 9988   0.0047
 9990   0.0050
 9992   0.0052
 9994   0.0054
 9996   0.0057
 9998   0.0058
10000   0.0060
10002   0.0066
10004   0.0068
10006   0.0070
10008   0.0070
10010   0.0075
10012   0.0079
10014   0.0082
10016   0.0085
10018   0.0088
10020   0.0094
10022   0.0097
10024   0.0100
10026   0.0103
10028   0.0108
10030   0.0113
10032   0.0117
10034   0.0118
10036   0.0126
10038   0.0128
10040   0.0134
10042   0.0136
10044   0.0142
10046   0.0145
10048   0.0150
10050   0.0154
10052   0.0158
10054   0.0163
10056   0.0167
10058   0.0172
10060   0.0174
10062   0.0181
10064   0.0184
10066   0.0190
10068   0.0195
10070   0.0199
10072   0.0202
10074   0.0209
10076   0.0215
10078   0.0219
10080   0.0225
10082   0.0227
10084   0.0232
10086   0.0237
10088   0.0243
10090   0.0249
10092   0.0254
10094   0.0258
10096   0.0263
10098   0.0267
10100   0.0271
10102   0.0274
10104   0.0281
10106   0.0287
10108   0.0292
10110   0.0295
10112   0.0299
10114   0.0303
10116   0.0307
10118   0.0313
10120   0.0316
10122   0.0321
10124   0.0324
10126   0.0330
10128   0.0332
10130   0.0335
10132   0.0338
10134   0.0340
10136   0.0343
10138   0.0345
10140   0.0347
10142   0.0349
10144   0.0350
10146   0.0353
10148   0.0351
10150   0.0353
10152   0.0353
10154   0.0351
10156   0.0350
10158   0.0351
10160   0.0349
10162   0.0350
10164   0.0347
10166   0.0347
10168   0.0345
10170   0.0344
10172   0.0342
10174   0.0340
10176   0.0339
10178   0.0340
10180   0.0338
10182   0.0337
10184   0.0334
10186   0.0336
10188   0.0333
10190   0.0332
10192   0.0331
10194   0.0330
10196   0.0328
10198   0.0325
10200   0.0323
10202   0.0323
10204   0.0320
10206   0.0318
10208   0.0316
10210   0.0312
10212   0.0312
10214   0.0308
10216   0.0305
10218   0.0302
10220   0.0297
10222   0.0294
10224   0.0290
10226   0.0286
10228   0.0283
10230   0.0280
10232   0.0275
10234   0.0271
10236   0.0268
10238   0.0263
10240   0.0261
10242   0.0257
10244   0.0252
10246   0.0250
10248   0.0245
10250   0.0243
10252   0.0238
10254   0.0238
10256   0.0233
10258   0.0232
10260   0.0227
10262   0.0225
10264   0.0223
10266   0.0219
10268   0.0215
10270   0.0215
10272   0.0212
10274   0.0208
10276   0.0207
10278   0.0206
10280   0.0204
10282   0.0202
10284   0.0200
10286   0.0197
10288   0.0196
10290   0.0195
10292   0.0194
10294   0.0193
10296   0.0192
10298   0.0191
10300   0.0190
10302   0.0189
10304   0.0188
10306   0.0188
10308   0.0187
10310   0.0185
10312   0.0185
10314   0.0184
10316   0.0182
10318   0.0184
10320   0.0183
10322   0.0183
10324   0.0181
10326   0.0182
10328   0.0183
10330   0.0181
10332   0.0181
10334   0.0182
10336   0.0180
10338   0.0182
10340   0.0180
10342   0.0180
10344   0.0183
10346   0.0183
10348   0.0183
10350   0.0186
10352   0.0187
10354   0.0187
10356   0.0188
10358   0.0189
10360   0.0191
10362   0.0193
10364   0.0195
10366   0.0196
10368   0.0200
10370   0.0201
10372   0.0204
10374   0.0206
10376   0.0208
10378   0.0213
10380   0.0216
10382   0.0219
10384   0.0222
10386   0.0226
10388   0.0229
10390   0.0234
10392   0.0237
10394   0.0244
10396   0.0247
10398   0.0254
10400   0.0261
10402   0.0265
10404   0.0270
10406   0.0274
10408   0.0280
10410   0.0288
10412   0.0294
10414   0.0299
10416   0.0306
10418   0.0314
10420   0.0320
10422   0.0327
10424   0.0334
10426   0.0342
10428   0.0349
10430   0.0357
10432   0.0363
10434   0.0371
10436   0.0379
10438   0.0388
10440   0.0393
10442   0.0401
10444   0.0408
10446   0.0419
10448   0.0425
10450   0.0434
10452   0.0445
10454   0.0451
10456   0.0459
10458   0.0468
10460   0.0477
10462   0.0484
10464   0.0495
10466   0.0501
10468   0.0510
10470   0.0517
10472   0.0526
10474   0.0533
10476   0.0540
10478   0.0547
10480   0.0554
10482   0.0561
10484   0.0566
10486   0.0573
10488   0.0578
10490   0.0582
10492   0.0584
10494   0.0591
10496   0.0595
10498   0.0599
10500   0.0600
10502   0.0604
10504   0.0605
10506   0.0610
10508   0.0609
10510   0.0612
10512   0.0613
10514   0.0613
10516   0.0612
10518   0.0612
10520   0.0614
10522   0.0612
10524   0.0609
10526   0.0609
10528   0.0609
10530   0.0608
10532   0.0603
10534   0.0603
10536   0.0601
10538   0.0598
10540   0.0596
10542   0.0591
10544   0.0589
10546   0.0587
10548   0.0584
10550   0.0581
10552   0.0578
10554   0.0576
10556   0.0572
10558   0.0570
10560   0.0567
10562   0.0565
10564   0.0562
10566   0.0561
10568   0.0558
10570   0.0557
10572   0.0553
10574   0.0549
10576   0.0548
10578   0.0547
10580   0.0541
10582   0.0540
10584   0.0537
10586   0.0534
10588   0.0531
10590   0.0527
10592   0.0523
10594   0.0520
10596   0.0517
10598   0.0511
10600   0.0510
10602   0.0507
10604   0.0505
10606   0.0502
10608   0.0498
10610   0.0496
10612   0.0495
10614   0.0492
10616   0.0493
10618   0.0491
10620   0.0491
10622   0.0492
10624   0.0492
10626   0.0492
10628   0.0492
10630   0.0495
10632   0.0494
10634   0.0495
10636   0.0497
10638   0.0498
10640   0.0500
10642   0.0499
10644   0.0500
10646   0.0501
10648   0.0501
10650   0.0501
10652   0.0501
10654   0.0500
10656   0.0500
10658   0.0498
10660   0.0496
10662   0.0495
10664   0.0495
10666   0.0495
10668   0.0493
10670   0.0491
10672   0.0490
10674   0.0488
10676   0.0487
10678   0.0487
10680   0.0483
10682   0.0484
10684   0.0482
10686   0.0481
10688   0.0479
10690   0.0478
10692   0.0477
10694   0.0476
10696   0.0474
10698   0.0474
10700   0.0472
10702   0.0471
10704   0.0468
10706   0.0465
10708   0.0464
10710   0.0459
10712   0.0458
10714   0.0455
10716   0.0452
10718   0.0448
10720   0.0443
10722   0.0439
10724   0.0437
10726   0.0433
10728   0.0428
10730   0.0425
10732   0.0420
10734   0.0417
10736   0.0411
10738   0.0408
10740   0.0404
10742   0.0400
10744   0.0394
10746   0.0389
10748   0.0384
10750   0.0382
10752   0.0376
10754   0.0372
10756   0.0367
10758   0.0364
10760   0.0359
10762   0.0353
10764   0.0348
10766   0.0342
10768   0.0337
10770   0.0334
10772   0.0328
10774   0.0324
10776   0.0319
10778   0.0313
10780   0.0308
10782   0.0305
10784   0.0300
10786   0.0297
10788   0.0293
10790   0.0290
10792   0.0286
10794   0.0283
10796   0.0280
10798   0.0277
10800   0.0274
10802   0.0271
10804   0.0268
10806   0.0266
10808   0.0266
10810   0.0263
10812   0.0262
10814   0.0261
10816   0.0259
10818   0.0258
10820   0.0256
10822   0.0254
10824   0.0254
10826   0.0252
10828   0.0254
10830   0.0252
10832   0.0254
10834   0.0253
10836   0.0253
10838   0.0255
10840   0.0254
10842   0.0257
10844   0.0258
10846   0.0258
10848   0.0262
10850   0.0262
10852   0.0266
10854   0.0269
10856   0.0271
10858   0.0277
10860   0.0277
10862   0.0284
10864   0.0287
10866   0.0292
10868   0.0296
10870   0.0300
10872   0.0304
10874   0.0312
10876   0.0313
10878   0.0320
10880   0.0323
10882   0.0329
10884   0.0334
10886   0.0338
10888   0.0340
10890   0.0345
10892   0.0349
10894   0.0352
10896   0.0358
10898   0.0360
10900   0.0365
10902   0.0369
10904   0.0373
10906   0.0375
10908   0.0381
10910   0.0383
10912   0.0388
10914   0.0392
10916   0.0396
10918   0.0401
10920   0.0406
10922   0.0410
10924   0.0414
10926   0.0420
10928   0.0425
10930   0.0429
10932   0.0433
10934   0.0440
10936   0.0445
10938   0.0450
10940   0.0455
10942   0.0459
10944   0.0463
10946   0.0468
10948   0.0472
10950   0.0473
10952   0.0478
10954   0.0479
10956   0.0485
10958   0.0484
10960   0.0487
10962   0.0488
10964   0.0488
10966   0.0492
10968   0.0493
10970   0.0493
10972   0.0494
10974   0.0494
10976   0.0494
10978   0.0496
10980   0.0496
10982   0.0495
10984   0.0496
10986   0.0494
10988   0.0493
10990   0.0492
10992   0.0493
10994   0.0492
10996   0.0491
10998   0.0491
11000   0.0487
11002   0.0488
11004   0.0486
11006   0.0485
11008   0.0483
