300.00 0.323726
300.20 0.324509
300.40 0.325291
300.60 0.326074
300.80 0.326857
301.00 0.327639
301.20 0.328422
301.40 0.329204
301.60 0.329987
301.80 0.330769
302.00 0.331552
302.20 0.332334
302.40 0.333117
302.60 0.333899
302.80 0.334682
303.00 0.335464
303.20 0.336247
303.40 0.337029
303.60 0.337812
303.80 0.338595
304.00 0.339377
304.20 0.340160
304.40 0.340942
304.60 0.341725
304.80 0.342507
305.00 0.343290
305.20 0.344072
305.40 0.344855
305.60 0.345637
305.80 0.346420
306.00 0.347202
306.20 0.347985
306.40 0.348767
306.60 0.349550
306.80 0.350333
307.00 0.351115
307.20 0.351898
307.40 0.352680
307.60 0.353463
307.80 0.354245
308.00 0.355028
308.20 0.355810
308.40 0.356593
308.60 0.357375
308.80 0.358158
309.00 0.358940
309.20 0.359723
309.40 0.360505
309.60 0.361288
309.80 0.362070
310.00 0.362853
310.20 0.363636
310.40 0.364418
310.60 0.365201
310.80 0.365983
311.00 0.366766
311.20 0.367548
311.40 0.368331
311.60 0.369113
311.80 0.369896
312.00 0.370678
312.20 0.371461
312.40 0.372243
312.60 0.373026
312.80 0.373808
313.00 0.374591
313.20 0.375374
313.40 0.376156
313.60 0.376939
313.80 0.377721
314.00 0.378504
314.20 0.379286
314.40 0.380069
314.60 0.380851
314.80 0.381634
315.00 0.382416
315.20 0.383199
315.40 0.383981
315.60 0.384764
315.80 0.385546
316.00 0.386329
316.20 0.387112
316.40 0.387894
316.60 0.388677
316.80 0.389459
317.00 0.390242
317.20 0.391024
317.40 0.391807
317.60 0.392589
317.80 0.393372
318.00 0.394154
318.20 0.394937
318.40 0.395719
318.60 0.396502
318.80 0.397284
319.00 0.398067
319.20 0.398850
319.40 0.399632
319.60 0.400415
319.80 0.401197
320.00 0.401980
320.20 0.402762
320.40 0.403545
320.60 0.404327
320.80 0.405110
321.00 0.405892
321.20 0.406675
321.40 0.407457
321.60 0.408240
321.80 0.409022
322.00 0.409805
322.20 0.410588
322.40 0.411370
322.60 0.412153
322.80 0.412935
323.00 0.413718
323.20 0.414500
323.40 0.415283
323.60 0.416065
323.80 0.416848
324.00 0.417630
324.20 0.418413
324.40 0.419195
324.60 0.419978
324.80 0.420760
325.00 0.421543
325.20 0.422326
325.40 0.423108
325.60 0.423891
325.80 0.424673
326.00 0.425456
326.20 0.426238
326.40 0.427021
326.60 0.427803
326.80 0.428586
327.00 0.429368
327.20 0.430151
327.40 0.430933
327.60 0.431716
327.80 0.432498
328.00 0.433281
328.20 0.434064
328.40 0.434846
328.60 0.435629
328.80 0.436411
329.00 0.437194
329.20 0.437976
329.40 0.438759
329.60 0.439541
329.80 0.440324
330.00 0.441106
330.20 0.441889
330.40 0.442671
330.60 0.443454
330.80 0.444236
331.00 0.445019
331.20 0.445802
331.40 0.446584
331.60 0.447367
331.80 0.448149
332.00 0.448932
332.20 0.449714
332.40 0.450497
332.60 0.451279
332.80 0.452062
333.00 0.452844
333.20 0.453627
333.40 0.454409
333.60 0.455192
333.80 0.455974
334.00 0.456757
334.20 0.457540
334.40 0.458322
334.60 0.459105
334.80 0.459887
335.00 0.460670
335.20 0.461452
335.40 0.462235
335.60 0.463017
335.80 0.463800
336.00 0.464582
336.20 0.465365
336.40 0.466147
336.60 0.466930
336.80 0.467712
337.00 0.468495
337.20 0.469278
337.40 0.470060
337.60 0.470843
337.80 0.471625
338.00 0.472408
338.20 0.473190
338.40 0.473973
338.60 0.474755
338.80 0.475538
339.00 0.476320
339.20 0.477103
339.40 0.477885
339.60 0.478668
339.80 0.479450
340.00 0.480233
340.20 0.481016
340.40 0.481798
340.60 0.482581
340.80 0.483363
341.00 0.484146
341.20 0.484928
341.40 0.485711
341.60 0.486493
341.80 0.487276
342.00 0.488058
342.20 0.488841
342.40 0.489623
342.60 0.490406
342.80 0.491188
343.00 0.491971
343.20 0.492754
343.40 0.493536
343.60 0.494319
343.80 0.495101
344.00 0.495884
344.20 0.496666
344.40 0.497449
344.60 0.498231
344.80 0.499014
345.00 0.499796
345.20 0.500579
345.40 0.501361
345.60 0.502144
345.80 0.502926
346.00 0.503709
346.20 0.504492
346.40 0.505274
346.60 0.506057
346.80 0.506839
347.00 0.507622
347.20 0.508404
347.40 0.509187
347.60 0.509969
347.80 0.510752
348.00 0.511534
348.20 0.512317
348.40 0.513099
348.60 0.513882
348.80 0.514664
349.00 0.515447
349.20 0.516229
349.40 0.517012
349.60 0.517795
349.80 0.518577
350.00 0.519360
350.20 0.520142
350.40 0.520925
350.60 0.521707
350.80 0.522490
351.00 0.523272
351.20 0.524055
351.40 0.524837
351.60 0.525620
351.80 0.526402
352.00 0.527185
352.20 0.527967
352.40 0.528750
352.60 0.529533
352.80 0.530315
353.00 0.531098
353.20 0.531880
353.40 0.532663
353.60 0.533445
353.80 0.534228
354.00 0.535010
354.20 0.535793
354.40 0.536575
354.60 0.537358
354.80 0.538140
355.00 0.538923
355.20 0.539705
355.40 0.540488
355.60 0.541271
355.80 0.542053
356.00 0.542836
356.20 0.543618
356.40 0.544401
356.60 0.545183
356.80 0.545966
357.00 0.546748
357.20 0.547531
357.40 0.548313
357.60 0.549096
357.80 0.549878
358.00 0.550661
358.20 0.551443
358.40 0.552226
358.60 0.553009
358.80 0.553791
359.00 0.554574
359.20 0.555356
359.40 0.556139
359.60 0.556921
359.80 0.557704
360.00 0.558486
360.20 0.559269
360.40 0.560051
360.60 0.560834
360.80 0.561616
361.00 0.562399
361.20 0.563181
361.40 0.563964
361.60 0.564747
361.80 0.565529
362.00 0.566312
362.20 0.567094
362.40 0.567877
362.60 0.568659
362.80 0.569442
363.00 0.570224
363.20 0.571007
363.40 0.571789
363.60 0.572572
363.80 0.573354
364.00 0.574137
364.20 0.574919
364.40 0.575702
364.60 0.576485
364.80 0.577267
365.00 0.578050
365.20 0.578832
365.40 0.579615
365.60 0.580397
365.80 0.581180
366.00 0.581962
366.20 0.582745
366.40 0.583527
366.60 0.584310
366.80 0.585092
367.00 0.585875
367.20 0.586657
367.40 0.587440
367.60 0.588223
367.80 0.589005
368.00 0.589788
368.20 0.590570
368.40 0.591353
368.60 0.592135
368.80 0.592918
369.00 0.593700
369.20 0.594483
369.40 0.595265
369.60 0.596048
369.80 0.596830
370.00 0.597613
370.20 0.598395
370.40 0.599178
370.60 0.599961
370.80 0.600743
371.00 0.601526
371.20 0.602308
371.40 0.603091
371.60 0.603873
371.80 0.604656
372.00 0.605438
372.20 0.606221
372.40 0.607003
372.60 0.607786
372.80 0.608568
373.00 0.609351
373.20 0.610133
373.40 0.610916
373.60 0.611699
373.80 0.612481
374.00 0.613264
374.20 0.614046
374.40 0.614829
374.60 0.615611
374.80 0.616394
375.00 0.617176
375.20 0.617959
375.40 0.618741
375.60 0.619524
375.80 0.620306
376.00 0.621089
376.20 0.621871
376.40 0.622654
376.60 0.623437
376.80 0.624219
377.00 0.625002
377.20 0.625784
377.40 0.626567
377.60 0.627349
377.80 0.628132
378.00 0.628914
378.20 0.629697
378.40 0.630479
378.60 0.631262
378.80 0.632044
379.00 0.632827
379.20 0.633609
379.40 0.634392
379.60 0.635175
379.80 0.635957
380.00 0.636740
380.20 0.637522
380.40 0.638305
380.60 0.639087
380.80 0.639870
381.00 0.640652
381.20 0.641435
381.40 0.642217
381.60 0.643000
381.80 0.643782
382.00 0.644565
382.20 0.645347
382.40 0.646130
382.60 0.646913
382.80 0.647695
383.00 0.648478
383.20 0.649260
383.40 0.650043
383.60 0.650825
383.80 0.651608
384.00 0.652390
384.20 0.653173
384.40 0.653955
384.60 0.654738
384.80 0.655520
385.00 0.656303
385.20 0.657085
385.40 0.657868
385.60 0.658650
385.80 0.659433
386.00 0.660216
386.20 0.660998
386.40 0.661781
386.60 0.662563
386.80 0.663346
387.00 0.664128
387.20 0.664911
387.40 0.665693
387.60 0.666476
387.80 0.667258
388.00 0.668041
388.20 0.668823
388.40 0.669606
388.60 0.670388
388.80 0.671171
389.00 0.671954
389.20 0.672736
389.40 0.673519
389.60 0.674301
389.80 0.675084
390.00 0.675866
390.20 0.676649
390.40 0.677431
390.60 0.678214
390.80 0.678996
391.00 0.679779
391.20 0.680561
391.40 0.681344
391.60 0.682126
391.80 0.682909
392.00 0.683692
392.20 0.684474
392.40 0.685257
392.60 0.686039
392.80 0.686822
393.00 0.687604
393.20 0.688387
393.40 0.689169
393.60 0.689952
393.80 0.690734
394.00 0.691517
394.20 0.691582
394.40 0.691646
394.60 0.691711
394.80 0.691776
395.00 0.691840
395.20 0.691905
395.40 0.691970
395.60 0.692034
395.80 0.692099
396.00 0.692164
396.20 0.692228
396.40 0.692293
396.60 0.692358
396.80 0.692423
397.00 0.692487
397.20 0.692552
397.40 0.692617
397.60 0.692681
397.80 0.692746
398.00 0.692811
398.20 0.692875
398.40 0.692940
398.60 0.693005
398.80 0.693069
399.00 0.693134
399.20 0.693199
399.40 0.693263
399.60 0.693328
399.80 0.693393
400.00 0.693458
400.20 0.693522
400.40 0.693587
400.60 0.693652
400.80 0.693716
401.00 0.693781
401.20 0.693846
401.40 0.693910
401.60 0.693975
401.80 0.694040
402.00 0.694104
402.20 0.694169
402.40 0.694234
402.60 0.694299
402.80 0.694363
403.00 0.694428
403.20 0.694493
403.40 0.694557
403.60 0.694622
403.80 0.694687
404.00 0.694751
404.20 0.694816
404.40 0.694881
404.60 0.694945
404.80 0.695010
405.00 0.695075
405.20 0.695139
405.40 0.695204
405.60 0.695269
405.80 0.695334
406.00 0.695398
406.20 0.695463
406.40 0.695528
406.60 0.695592
406.80 0.695657
407.00 0.695722
407.20 0.695786
407.40 0.695851
407.60 0.695916
407.80 0.695980
408.00 0.696045
408.20 0.696110
408.40 0.696175
408.60 0.696239
408.80 0.696304
409.00 0.696369
409.20 0.696433
409.40 0.696498
409.60 0.696563
409.80 0.696627
410.00 0.696692
410.20 0.696757
410.40 0.696821
410.60 0.696886
410.80 0.696951
411.00 0.697015
411.20 0.697080
411.40 0.697145
411.60 0.697210
411.80 0.697274
412.00 0.697339
412.20 0.697404
412.40 0.697468
412.60 0.697533
412.80 0.697598
413.00 0.697662
413.20 0.697727
413.40 0.697792
413.60 0.697856
413.80 0.697921
414.00 0.697986
414.20 0.698050
414.40 0.698115
414.60 0.698180
414.80 0.698245
415.00 0.698309
415.20 0.698374
415.40 0.698439
415.60 0.698503
415.80 0.698568
416.00 0.698633
416.20 0.698697
416.40 0.698762
416.60 0.698827
416.80 0.698891
417.00 0.698956
417.20 0.699021
417.40 0.699086
417.60 0.699150
417.80 0.699215
418.00 0.699280
418.20 0.699344
418.40 0.699409
418.60 0.699474
418.80 0.699538
419.00 0.699603
419.20 0.699668
419.40 0.699732
419.60 0.699797
419.80 0.699862
420.00 0.699926
420.20 0.699991
420.40 0.700056
420.60 0.700121
420.80 0.700185
421.00 0.700250
421.20 0.700315
421.40 0.700379
421.60 0.700444
421.80 0.700509
422.00 0.700573
422.20 0.700638
422.40 0.700703
422.60 0.700767
422.80 0.700832
423.00 0.700897
423.20 0.700962
423.40 0.701026
423.60 0.701091
423.80 0.701156
424.00 0.701220
424.20 0.701285
424.40 0.701350
424.60 0.701414
424.80 0.701479
425.00 0.701544
425.20 0.701608
425.40 0.701673
425.60 0.701738
425.80 0.701802
426.00 0.701867
426.20 0.701932
426.40 0.701997
426.60 0.702061
426.80 0.702126
427.00 0.702191
427.20 0.702255
427.40 0.702320
427.60 0.702385
427.80 0.702449
428.00 0.702514
428.20 0.702579
428.40 0.702643
428.60 0.702708
428.80 0.702773
429.00 0.702837
429.20 0.702902
429.40 0.702967
429.60 0.703032
429.80 0.703096
430.00 0.703161
430.20 0.703226
430.40 0.703290
430.60 0.703355
430.80 0.703420
431.00 0.703484
431.20 0.703549
431.40 0.703614
431.60 0.703678
431.80 0.703743
432.00 0.703808
432.20 0.703873
432.40 0.703937
432.60 0.704002
432.80 0.704067
433.00 0.704131
433.20 0.704196
433.40 0.704261
433.60 0.704325
433.80 0.704390
434.00 0.704455
434.20 0.704519
434.40 0.704584
434.60 0.704649
434.80 0.704713
435.00 0.704778
435.20 0.704843
435.40 0.704908
435.60 0.704972
435.80 0.705037
436.00 0.705102
436.20 0.705166
436.40 0.705231
436.60 0.705296
436.80 0.705360
437.00 0.705425
437.20 0.705490
437.40 0.705554
437.60 0.705619
437.80 0.705684
438.00 0.705749
438.20 0.705813
438.40 0.705878
438.60 0.705943
438.80 0.706007
439.00 0.706072
439.20 0.706137
439.40 0.706201
439.60 0.706266
439.80 0.706331
440.00 0.706395
440.20 0.706460
440.40 0.706525
440.60 0.706589
440.80 0.706654
441.00 0.706719
441.20 0.706784
441.40 0.706848
441.60 0.706913
441.80 0.706978
442.00 0.707042
442.20 0.707107
442.40 0.707172
442.60 0.707236
442.80 0.707301
443.00 0.707366
443.20 0.707430
443.40 0.707495
443.60 0.707560
443.80 0.707625
444.00 0.707689
444.20 0.707754
444.40 0.707819
444.60 0.707883
444.80 0.707948
445.00 0.708013
445.20 0.708077
445.40 0.708142
445.60 0.708207
445.80 0.708271
446.00 0.708336
446.20 0.708401
446.40 0.708465
446.60 0.708530
446.80 0.708595
447.00 0.708660
447.20 0.708724
447.40 0.708789
447.60 0.708854
447.80 0.708918
448.00 0.708983
448.20 0.709048
448.40 0.709112
448.60 0.709177
448.80 0.709242
449.00 0.709306
449.20 0.709371
449.40 0.709436
449.60 0.709500
449.80 0.709565
450.00 0.709630
450.20 0.709695
450.40 0.709759
450.60 0.709824
450.80 0.709889
451.00 0.709953
451.20 0.710018
451.40 0.710083
451.60 0.710147
451.80 0.710212
452.00 0.710277
452.20 0.710341
452.40 0.710406
452.60 0.710471
452.80 0.710536
453.00 0.710600
453.20 0.710665
453.40 0.710730
453.60 0.710794
453.80 0.710859
454.00 0.710924
454.20 0.710988
454.40 0.711053
454.60 0.711118
454.80 0.711182
455.00 0.711247
455.20 0.711312
455.40 0.711376
455.60 0.711441
455.80 0.711506
456.00 0.711571
456.20 0.711635
456.40 0.711700
456.60 0.711765
456.80 0.711829
457.00 0.711894
457.20 0.711959
457.40 0.712023
457.60 0.712088
457.80 0.712153
458.00 0.712217
458.20 0.712282
458.40 0.712347
458.60 0.712412
458.80 0.712476
459.00 0.712541
459.20 0.712606
459.40 0.712670
459.60 0.712735
459.80 0.712800
460.00 0.712864
460.20 0.712929
460.40 0.712994
460.60 0.713058
460.80 0.713123
461.00 0.713188
461.20 0.713252
461.40 0.713317
461.60 0.713382
461.80 0.713447
462.00 0.713511
462.20 0.713576
462.40 0.713641
462.60 0.713705
462.80 0.713770
463.00 0.713835
463.20 0.713899
463.40 0.713964
463.60 0.714029
463.80 0.714093
464.00 0.714158
464.20 0.714223
464.40 0.714287
464.60 0.714352
464.80 0.714417
465.00 0.714482
465.20 0.714546
465.40 0.714611
465.60 0.714676
465.80 0.714740
466.00 0.714805
466.20 0.714753
466.40 0.714702
466.60 0.714650
466.80 0.714599
467.00 0.714547
467.20 0.714496
467.40 0.714444
467.60 0.714392
467.80 0.714341
468.00 0.714289
468.20 0.714238
468.40 0.714186
468.60 0.714135
468.80 0.714083
469.00 0.714031
469.20 0.713980
469.40 0.713928
469.60 0.713877
469.80 0.713825
470.00 0.713773
470.20 0.713722
470.40 0.713670
470.60 0.713619
470.80 0.713567
471.00 0.713516
471.20 0.713464
471.40 0.713412
471.60 0.713361
471.80 0.713309
472.00 0.713258
472.20 0.713206
472.40 0.713155
472.60 0.713103
472.80 0.713051
473.00 0.713000
473.20 0.712948
473.40 0.712897
473.60 0.712845
473.80 0.712794
474.00 0.712742
474.20 0.712690
474.40 0.712639
474.60 0.712587
474.80 0.712536
475.00 0.712484
475.20 0.712432
475.40 0.712381
475.60 0.712329
475.80 0.712278
476.00 0.712226
476.20 0.712175
476.40 0.712123
476.60 0.712071
476.80 0.712020
477.00 0.711968
477.20 0.711917
477.40 0.711865
477.60 0.711814
477.80 0.711762
478.00 0.711710
478.20 0.711659
478.40 0.711607
478.60 0.711556
478.80 0.711504
479.00 0.711453
479.20 0.711401
479.40 0.711349
479.60 0.711298
479.80 0.711246
480.00 0.711195
480.20 0.711143
480.40 0.711091
480.60 0.711040
480.80 0.710988
481.00 0.710937
481.20 0.710885
481.40 0.710834
481.60 0.710782
481.80 0.710730
482.00 0.710679
482.20 0.710627
482.40 0.710576
482.60 0.710524
482.80 0.710473
483.00 0.710421
483.20 0.710369
483.40 0.710318
483.60 0.710266
483.80 0.710215
484.00 0.710163
484.20 0.710112
484.40 0.710060
484.60 0.710008
484.80 0.709957
485.00 0.709905
485.20 0.709854
485.40 0.709802
485.60 0.709751
485.80 0.709699
486.00 0.709647
486.20 0.709596
486.40 0.709544
486.60 0.709493
486.80 0.709441
487.00 0.709389
487.20 0.709338
487.40 0.709286
487.60 0.709235
487.80 0.709183
488.00 0.709132
488.20 0.709080
488.40 0.709028
488.60 0.708977
488.80 0.708925
489.00 0.708874
489.20 0.708822
489.40 0.708771
489.60 0.708719
489.80 0.708667
490.00 0.708616
490.20 0.708564
490.40 0.708513
490.60 0.708461
490.80 0.708410
491.00 0.708358
491.20 0.708306
491.40 0.708255
491.60 0.708203
491.80 0.708152
492.00 0.708100
492.20 0.708048
492.40 0.707997
492.60 0.707945
492.80 0.707894
493.00 0.707842
493.20 0.707791
493.40 0.707739
493.60 0.707687
493.80 0.707636
494.00 0.707584
494.20 0.707533
494.40 0.707481
494.60 0.707430
494.80 0.707378
495.00 0.707326
495.20 0.707275
495.40 0.707223
495.60 0.707172
495.80 0.707120
496.00 0.707069
496.20 0.707017
496.40 0.706965
496.60 0.706914
496.80 0.706862
497.00 0.706811
497.20 0.706759
497.40 0.706707
497.60 0.706656
497.80 0.706604
498.00 0.706553
498.20 0.706501
498.40 0.706450
498.60 0.706398
498.80 0.706346
499.00 0.706295
499.20 0.706243
499.40 0.706192
499.60 0.706140
499.80 0.706089
500.00 0.706037
500.20 0.705985
500.40 0.705934
500.60 0.705882
500.80 0.705831
501.00 0.705779
501.20 0.705728
501.40 0.705676
501.60 0.705624
501.80 0.705573
502.00 0.705521
502.20 0.705470
502.40 0.705418
502.60 0.705367
502.80 0.705315
503.00 0.705263
503.20 0.705212
503.40 0.705160
503.60 0.705109
503.80 0.705057
504.00 0.705005
504.20 0.704954
504.40 0.704902
504.60 0.704851
504.80 0.704799
505.00 0.704748
505.20 0.704696
505.40 0.704644
505.60 0.704593
505.80 0.704541
506.00 0.704490
506.20 0.704438
506.40 0.704387
506.60 0.704335
506.80 0.704283
507.00 0.704232
507.20 0.704180
507.40 0.704129
507.60 0.704077
507.80 0.704026
508.00 0.703974
508.20 0.703922
508.40 0.703871
508.60 0.703819
508.80 0.703768
509.00 0.703716
509.20 0.703664
509.40 0.703613
509.60 0.703561
509.80 0.703510
510.00 0.703458
510.20 0.703407
510.40 0.703355
510.60 0.703303
510.80 0.703252
511.00 0.703200
511.20 0.703149
511.40 0.703097
511.60 0.703046
511.80 0.702994
512.00 0.702942
512.20 0.702891
512.40 0.702839
512.60 0.702788
512.80 0.702736
513.00 0.702685
513.20 0.702633
513.40 0.702581
513.60 0.702530
513.80 0.702478
514.00 0.702427
514.20 0.702375
514.40 0.702323
514.60 0.702272
514.80 0.702220
515.00 0.702169
515.20 0.702117
515.40 0.702066
515.60 0.702014
515.80 0.701962
516.00 0.701911
516.20 0.701859
516.40 0.701808
516.60 0.701756
516.80 0.701705
517.00 0.701653
517.20 0.701601
517.40 0.701550
517.60 0.701498
517.80 0.701447
518.00 0.701395
518.20 0.701344
518.40 0.701292
518.60 0.701240
518.80 0.701189
519.00 0.701137
519.20 0.701086
519.40 0.701034
519.60 0.700983
519.80 0.700931
520.00 0.700879
520.20 0.700828
520.40 0.700776
520.60 0.700725
520.80 0.700673
521.00 0.700621
521.20 0.700570
521.40 0.700518
521.60 0.700467
521.80 0.700415
522.00 0.700364
522.20 0.700312
522.40 0.700260
522.60 0.700209
522.80 0.700157
523.00 0.700106
523.20 0.700054
523.40 0.700003
523.60 0.699951
523.80 0.699899
524.00 0.699848
524.20 0.699796
524.40 0.699745
524.60 0.699693
524.80 0.699642
525.00 0.699590
525.20 0.699538
525.40 0.699487
525.60 0.699435
525.80 0.699384
526.00 0.699332
526.20 0.699280
526.40 0.699229
526.60 0.699177
526.80 0.699126
527.00 0.699074
527.20 0.699023
527.40 0.698971
527.60 0.698919
527.80 0.698868
528.00 0.698816
528.20 0.698765
528.40 0.698713
528.60 0.698662
528.80 0.698610
529.00 0.698558
529.20 0.698507
529.40 0.698455
529.60 0.698404
529.80 0.698352
530.00 0.698301
530.20 0.698249
530.40 0.698197
530.60 0.698146
530.80 0.698094
531.00 0.698043
531.20 0.697991
531.40 0.697939
531.60 0.697888
531.80 0.697836
532.00 0.697785
532.20 0.697733
532.40 0.697682
532.60 0.697630
532.80 0.697578
533.00 0.697527
533.20 0.697475
533.40 0.697424
533.60 0.697372
533.80 0.697321
534.00 0.697269
534.20 0.697217
534.40 0.697166
534.60 0.697114
534.80 0.697063
535.00 0.697011
535.20 0.696960
535.40 0.696908
535.60 0.696856
535.80 0.696805
536.00 0.696753
536.20 0.696702
536.40 0.696650
536.60 0.696599
536.80 0.696547
537.00 0.696495
537.20 0.696444
537.40 0.696392
537.60 0.696341
537.80 0.696289
538.00 0.696237
538.20 0.696186
538.40 0.696134
538.60 0.696083
538.80 0.696031
539.00 0.695980
539.20 0.695928
539.40 0.695876
539.60 0.695825
539.80 0.695773
540.00 0.695722
540.20 0.695670
540.40 0.695619
540.60 0.695567
540.80 0.695515
541.00 0.695464
541.20 0.695412
541.40 0.695361
541.60 0.695309
541.80 0.695258
542.00 0.695206
542.20 0.695154
542.40 0.695103
542.60 0.695051
542.80 0.695000
543.00 0.694948
543.20 0.694896
543.40 0.694845
543.60 0.694793
543.80 0.694742
544.00 0.694690
544.20 0.694639
544.40 0.694587
544.60 0.694535
544.80 0.694484
545.00 0.694432
545.20 0.694381
545.40 0.694329
545.60 0.694278
545.80 0.694226
546.00 0.694174
546.20 0.694123
546.40 0.694071
546.60 0.694020
546.80 0.693968
547.00 0.693917
547.20 0.693865
547.40 0.693813
547.60 0.693762
547.80 0.693710
548.00 0.693659
548.20 0.693607
548.40 0.693555
548.60 0.693504
548.80 0.693452
549.00 0.693401
549.20 0.693349
549.40 0.693298
549.60 0.693246
549.80 0.693194
550.00 0.693143
550.20 0.692968
550.40 0.692793
550.60 0.692618
550.80 0.692443
551.00 0.692268
551.20 0.692093
551.40 0.691918
551.60 0.691742
551.80 0.691567
552.00 0.691392
552.20 0.691217
552.40 0.691042
552.60 0.690867
552.80 0.690692
553.00 0.690517
553.20 0.690342
553.40 0.690167
553.60 0.689992
553.80 0.689817
554.00 0.689642
554.20 0.689467
554.40 0.689292
554.60 0.689117
554.80 0.688942
555.00 0.688767
555.20 0.688592
555.40 0.688417
555.60 0.688242
555.80 0.688066
556.00 0.687891
556.20 0.687716
556.40 0.687541
556.60 0.687366
556.80 0.687191
557.00 0.687016
557.20 0.686841
557.40 0.686666
557.60 0.686491
557.80 0.686316
558.00 0.686141
558.20 0.685966
558.40 0.685791
558.60 0.685616
558.80 0.685441
559.00 0.685266
559.20 0.685091
559.40 0.684916
559.60 0.684741
559.80 0.684566
560.00 0.684390
560.20 0.684215
560.40 0.684040
560.60 0.683865
560.80 0.683690
561.00 0.683515
561.20 0.683340
561.40 0.683165
561.60 0.682990
561.80 0.682815
562.00 0.682640
562.20 0.682465
562.40 0.682290
562.60 0.682115
562.80 0.681940
563.00 0.681765
563.20 0.681590
563.40 0.681415
563.60 0.681240
563.80 0.681065
564.00 0.680890
564.20 0.680714
564.40 0.680539
564.60 0.680364
564.80 0.680189
565.00 0.680014
565.20 0.679839
565.40 0.679664
565.60 0.679489
565.80 0.679314
566.00 0.679139
566.20 0.678964
566.40 0.678789
566.60 0.678614
566.80 0.678439
567.00 0.678264
567.20 0.678089
567.40 0.677914
567.60 0.677739
567.80 0.677564
568.00 0.677389
568.20 0.677214
568.40 0.677038
568.60 0.676863
568.80 0.676688
569.00 0.676513
569.20 0.676338
569.40 0.676163
569.60 0.675988
569.80 0.675813
570.00 0.675638
570.20 0.675463
570.40 0.675288
570.60 0.675113
570.80 0.674938
571.00 0.674763
571.20 0.674588
571.40 0.674413
571.60 0.674238
571.80 0.674063
572.00 0.673888
572.20 0.673713
572.40 0.673538
572.60 0.673362
572.80 0.673187
573.00 0.673012
573.20 0.672837
573.40 0.672662
573.60 0.672487
573.80 0.672312
574.00 0.672137
574.20 0.671962
574.40 0.671787
574.60 0.671612
574.80 0.671437
575.00 0.671262
575.20 0.671087
575.40 0.670912
575.60 0.670737
575.80 0.670562
576.00 0.670387
576.20 0.670212
576.40 0.670037
576.60 0.669862
576.80 0.669686
577.00 0.669511
577.20 0.669336
577.40 0.669161
577.60 0.668986
577.80 0.668811
578.00 0.668636
578.20 0.668461
578.40 0.668286
578.60 0.668111
578.80 0.667936
579.00 0.667761
579.20 0.667586
579.40 0.667411
579.60 0.667236
579.80 0.667061
580.00 0.666886
580.20 0.666711
580.40 0.666536
580.60 0.666361
580.80 0.666185
581.00 0.666010
581.20 0.665835
581.40 0.665660
581.60 0.665485
581.80 0.665310
582.00 0.665135
582.20 0.664960
582.40 0.664876
582.60 0.664883
582.80 0.664889
583.00 0.664896
583.20 0.664902
583.40 0.664909
583.60 0.664916
583.80 0.664922
584.00 0.664929
584.20 0.664935
584.40 0.664942
584.60 0.664949
584.80 0.664955
585.00 0.664962
585.20 0.664968
585.40 0.664975
585.60 0.664982
585.80 0.664988
586.00 0.664995
586.20 0.665002
586.40 0.665008
586.60 0.665015
586.80 0.665021
587.00 0.665028
587.20 0.665035
587.40 0.665041
587.60 0.665048
587.80 0.665054
588.00 0.665061
588.20 0.665068
588.40 0.665074
588.60 0.665081
588.80 0.665087
589.00 0.665094
589.20 0.665101
589.40 0.665107
589.60 0.665114
589.80 0.665120
590.00 0.665127
590.20 0.665134
590.40 0.665140
590.60 0.665147
590.80 0.665154
591.00 0.665160
591.20 0.665167
591.40 0.665173
591.60 0.665180
591.80 0.665187
592.00 0.665193
592.20 0.665200
592.40 0.665206
592.60 0.665213
592.80 0.665220
593.00 0.665226
593.20 0.665233
593.40 0.665239
593.60 0.665246
593.80 0.665253
594.00 0.665259
594.20 0.665266
594.40 0.665272
594.60 0.665279
594.80 0.665286
595.00 0.665292
595.20 0.665299
595.40 0.665306
595.60 0.665312
595.80 0.665319
596.00 0.665325
596.20 0.665332
596.40 0.665339
596.60 0.665345
596.80 0.665352
597.00 0.665358
597.20 0.665365
597.40 0.665372
597.60 0.665378
597.80 0.665385
598.00 0.665391
598.20 0.665398
598.40 0.665405
598.60 0.665411
598.80 0.665418
599.00 0.665424
599.20 0.665431
599.40 0.665438
599.60 0.665444
599.80 0.665451
600.00 0.665458
600.20 0.665464
600.40 0.665471
600.60 0.665477
600.80 0.665484
601.00 0.665491
601.20 0.665497
601.40 0.665504
601.60 0.665510
601.80 0.665517
602.00 0.665524
602.20 0.665530
602.40 0.665537
602.60 0.665543
602.80 0.665550
603.00 0.665557
603.20 0.665563
603.40 0.665570
603.60 0.665576
603.80 0.665583
604.00 0.665590
604.20 0.665596
604.40 0.665603
604.60 0.665610
604.80 0.665616
605.00 0.665623
605.20 0.665629
605.40 0.665636
605.60 0.665643
605.80 0.665649
606.00 0.665656
606.20 0.665662
606.40 0.665669
606.60 0.665676
606.80 0.665682
607.00 0.665689
607.20 0.665695
607.40 0.665702
607.60 0.665709
607.80 0.665715
608.00 0.665722
608.20 0.665728
608.40 0.665735
608.60 0.665742
608.80 0.665748
609.00 0.665755
609.20 0.665762
609.40 0.665768
609.60 0.665775
609.80 0.665781
610.00 0.665788
610.20 0.665795
610.40 0.665801
610.60 0.665808
610.80 0.665814
611.00 0.665821
611.20 0.665828
611.40 0.665834
611.60 0.665841
611.80 0.665847
612.00 0.665854
612.20 0.665861
612.40 0.665867
612.60 0.665874
612.80 0.665881
613.00 0.665887
613.20 0.665894
613.40 0.665900
613.60 0.665907
613.80 0.665914
614.00 0.665920
614.20 0.665927
614.40 0.665933
614.60 0.665940
614.80 0.665947
615.00 0.665953
615.20 0.665960
615.40 0.665966
615.60 0.665973
615.80 0.665980
616.00 0.665986
616.20 0.665993
616.40 0.665999
616.60 0.666006
616.80 0.666013
617.00 0.666019
617.20 0.666026
617.40 0.666033
617.60 0.666039
617.80 0.666046
618.00 0.666052
618.20 0.666059
618.40 0.666066
618.60 0.666072
618.80 0.666079
619.00 0.666085
619.20 0.666092
619.40 0.666099
619.60 0.666105
619.80 0.666112
620.00 0.666118
620.20 0.666125
620.40 0.666132
620.60 0.666138
620.80 0.666145
621.00 0.666151
621.20 0.666158
621.40 0.666165
621.60 0.666171
621.80 0.666178
622.00 0.666185
622.20 0.666191
622.40 0.666198
622.60 0.666204
622.80 0.666211
623.00 0.666218
623.20 0.666224
623.40 0.666231
623.60 0.666237
623.80 0.666244
624.00 0.666251
624.20 0.666257
624.40 0.666264
624.60 0.666270
624.80 0.666277
625.00 0.666284
625.20 0.666290
625.40 0.666297
625.60 0.666303
625.80 0.666310
626.00 0.666317
626.20 0.666323
626.40 0.666330
626.60 0.666337
626.80 0.666343
627.00 0.666350
627.20 0.666356
627.40 0.666363
627.60 0.666347
627.80 0.666309
628.00 0.666271
628.20 0.666233
628.40 0.666195
628.60 0.666157
628.80 0.666119
629.00 0.666081
629.20 0.666043
629.40 0.666005
629.60 0.665967
629.80 0.665929
630.00 0.665891
630.20 0.665853
630.40 0.665815
630.60 0.665777
630.80 0.665738
631.00 0.665700
631.20 0.665662
631.40 0.665624
631.60 0.665586
631.80 0.665548
632.00 0.665510
632.20 0.665472
632.40 0.665434
632.60 0.665396
632.80 0.665358
633.00 0.665320
633.20 0.665282
633.40 0.665244
633.60 0.665206
633.80 0.665168
634.00 0.665130
634.20 0.665092
634.40 0.665054
634.60 0.665016
634.80 0.664978
635.00 0.664940
635.20 0.664901
635.40 0.664863
635.60 0.664825
635.80 0.664787
636.00 0.664749
636.20 0.664711
636.40 0.664673
636.60 0.664635
636.80 0.664597
637.00 0.664559
637.20 0.664521
637.40 0.664483
637.60 0.664445
637.80 0.664407
638.00 0.664369
638.20 0.664331
638.40 0.664293
638.60 0.664255
638.80 0.664217
639.00 0.664179
639.20 0.664141
639.40 0.664102
639.60 0.664064
639.80 0.664026
640.00 0.663988
640.20 0.663950
640.40 0.663912
640.60 0.663874
640.80 0.663836
641.00 0.663798
641.20 0.663760
641.40 0.663722
641.60 0.663684
641.80 0.663646
642.00 0.663608
642.20 0.663570
642.40 0.663532
642.60 0.663494
642.80 0.663456
643.00 0.663418
643.20 0.663380
643.40 0.663342
643.60 0.663304
643.80 0.663265
644.00 0.663227
644.20 0.663189
644.40 0.663151
644.60 0.663113
644.80 0.663075
645.00 0.663037
645.20 0.662999
645.40 0.662961
645.60 0.662923
645.80 0.662885
646.00 0.662847
646.20 0.662809
646.40 0.662771
646.60 0.662733
646.80 0.662695
647.00 0.662657
647.20 0.662619
647.40 0.662581
647.60 0.662543
647.80 0.662505
648.00 0.662466
648.20 0.662428
648.40 0.662390
648.60 0.662352
648.80 0.662314
649.00 0.662276
649.20 0.662238
649.40 0.662200
649.60 0.662162
649.80 0.662124
650.00 0.662086
650.20 0.662048
650.40 0.662010
650.60 0.661972
650.80 0.661934
651.00 0.661896
651.20 0.661858
651.40 0.661820
651.60 0.661782
651.80 0.661744
652.00 0.661706
652.20 0.661667
652.40 0.661629
652.60 0.661591
652.80 0.661553
653.00 0.661515
653.20 0.661477
653.40 0.661439
653.60 0.661401
653.80 0.661363
654.00 0.661325
654.20 0.661287
654.40 0.661249
654.60 0.661211
654.80 0.661173
655.00 0.661135
655.20 0.661097
655.40 0.661059
655.60 0.661021
655.80 0.660983
656.00 0.660945
656.20 0.660907
656.40 0.660869
656.60 0.660830
656.80 0.660792
657.00 0.660754
657.20 0.660716
657.40 0.660678
657.60 0.660640
657.80 0.660602
658.00 0.660564
658.20 0.660526
658.40 0.660488
658.60 0.660450
658.80 0.660412
659.00 0.660374
659.20 0.660336
659.40 0.660298
659.60 0.660260
659.80 0.660222
660.00 0.660184
660.20 0.660146
660.40 0.660108
660.60 0.660070
660.80 0.660031
661.00 0.659993
661.20 0.659955
661.40 0.659917
661.60 0.659879
661.80 0.659841
662.00 0.659803
662.20 0.659765
662.40 0.659727
662.60 0.659689
662.80 0.659651
663.00 0.659613
663.20 0.659575
663.40 0.659537
663.60 0.659499
663.80 0.659461
664.00 0.659423
664.20 0.659385
664.40 0.659347
664.60 0.659309
664.80 0.659271
665.00 0.659233
665.20 0.659194
665.40 0.659156
665.60 0.659118
665.80 0.659080
666.00 0.659042
666.20 0.659004
666.40 0.658966
666.60 0.658928
666.80 0.658890
667.00 0.658852
667.20 0.658814
667.40 0.658776
667.60 0.658738
667.80 0.658700
668.00 0.658662
668.20 0.658624
668.40 0.658586
668.60 0.658548
668.80 0.658510
669.00 0.658472
669.20 0.658434
669.40 0.658395
669.60 0.658357
669.80 0.658319
670.00 0.658281
670.20 0.658262
670.40 0.658242
670.60 0.658222
670.80 0.658202
671.00 0.658182
671.20 0.658163
671.40 0.658143
671.60 0.658123
671.80 0.658103
672.00 0.658084
672.20 0.658064
672.40 0.658044
672.60 0.658024
672.80 0.658005
673.00 0.657985
673.20 0.657965
673.40 0.657945
673.60 0.657925
673.80 0.657906
674.00 0.657886
674.20 0.657866
674.40 0.657846
674.60 0.657827
674.80 0.657807
675.00 0.657787
675.20 0.657767
675.40 0.657747
675.60 0.657728
675.80 0.657708
676.00 0.657688
676.20 0.657668
676.40 0.657649
676.60 0.657629
676.80 0.657609
677.00 0.657589
677.20 0.657570
677.40 0.657550
677.60 0.657530
677.80 0.657510
678.00 0.657490
678.20 0.657471
678.40 0.657451
678.60 0.657431
678.80 0.657411
679.00 0.657392
679.20 0.657372
679.40 0.657352
679.60 0.657332
679.80 0.657312
680.00 0.657293
680.20 0.657273
680.40 0.657253
680.60 0.657233
680.80 0.657214
681.00 0.657194
681.20 0.657174
681.40 0.657154
681.60 0.657135
681.80 0.657115
682.00 0.657095
682.20 0.657075
682.40 0.657055
682.60 0.657036
682.80 0.657016
683.00 0.656996
683.20 0.656976
683.40 0.656957
683.60 0.656937
683.80 0.656917
684.00 0.656897
684.20 0.656878
684.40 0.656858
684.60 0.656838
684.80 0.656818
685.00 0.656798
685.20 0.656779
685.40 0.656759
685.60 0.656739
685.80 0.656719
686.00 0.656700
686.20 0.656680
686.40 0.656660
686.60 0.656640
686.80 0.656620
687.00 0.656601
687.20 0.656581
687.40 0.656561
687.60 0.656541
687.80 0.656522
688.00 0.656502
688.20 0.656482
688.40 0.656462
688.60 0.656443
688.80 0.656423
689.00 0.656403
689.20 0.656383
689.40 0.656363
689.60 0.656344
689.80 0.656324
690.00 0.656304
690.20 0.656284
690.40 0.656265
690.60 0.656245
690.80 0.656225
691.00 0.656205
691.20 0.656185
691.40 0.656166
691.60 0.656146
691.80 0.656126
692.00 0.656106
692.20 0.656087
692.40 0.656067
692.60 0.656047
692.80 0.656027
693.00 0.656008
693.20 0.655988
693.40 0.655968
693.60 0.655948
693.80 0.655928
694.00 0.655909
694.20 0.655889
694.40 0.655869
694.60 0.655849
694.80 0.655830
695.00 0.655810
695.20 0.655790
695.40 0.655770
695.60 0.655750
695.80 0.655731
696.00 0.655711
696.20 0.655691
696.40 0.655671
696.60 0.655652
696.80 0.655632
697.00 0.655612
697.20 0.655592
697.40 0.655573
697.60 0.655553
697.80 0.655533
698.00 0.655513
698.20 0.655493
698.40 0.655474
698.60 0.655454
698.80 0.655434
699.00 0.655414
699.20 0.655395
699.40 0.655375
699.60 0.655355
699.80 0.655335
700.00 0.655315
700.20 0.655296
700.40 0.655276
700.60 0.655256
700.80 0.655236
701.00 0.655217
701.20 0.655197
701.40 0.655177
701.60 0.655157
701.80 0.655138
702.00 0.655118
702.20 0.655098
702.40 0.655078
702.60 0.655058
702.80 0.655039
703.00 0.655019
703.20 0.654999
703.40 0.654979
703.60 0.654960
703.80 0.654940
704.00 0.654920
704.20 0.654900
704.40 0.654880
704.60 0.654861
704.80 0.654841
705.00 0.654821
705.20 0.654801
705.40 0.654782
705.60 0.654762
705.80 0.654742
706.00 0.654722
706.20 0.654703
706.40 0.654683
706.60 0.654663
706.80 0.654643
707.00 0.654623
707.20 0.654604
707.40 0.654584
707.60 0.654564
707.80 0.654544
708.00 0.654525
708.20 0.654505
708.40 0.654485
708.60 0.654465
708.80 0.654446
709.00 0.654426
709.20 0.654406
709.40 0.654386
709.60 0.654366
709.80 0.654347
710.00 0.654327
710.20 0.654307
710.40 0.654287
710.60 0.654268
710.80 0.654248
711.00 0.654228
711.20 0.654208
711.40 0.654188
711.60 0.654169
711.80 0.654149
712.00 0.654129
712.20 0.654109
712.40 0.654090
712.60 0.654070
712.80 0.654050
713.00 0.654030
713.20 0.654011
713.40 0.653991
713.60 0.653971
713.80 0.653951
714.00 0.653931
714.20 0.653912
714.40 0.653892
714.60 0.653872
714.80 0.653852
715.00 0.653833
715.20 0.653813
715.40 0.653793
715.60 0.653773
715.80 0.653753
716.00 0.653734
716.20 0.653714
716.40 0.653694
716.60 0.653674
716.80 0.653655
717.00 0.653635
717.20 0.653615
717.40 0.653595
717.60 0.653576
717.80 0.653556
718.00 0.653536
718.20 0.653516
718.40 0.653496
718.60 0.653477
718.80 0.653457
719.00 0.653437
719.20 0.653417
719.40 0.653398
719.60 0.653378
719.80 0.653358
720.00 0.653338
720.20 0.653318
720.40 0.653299
720.60 0.653279
720.80 0.653259
721.00 0.653239
721.20 0.653220
721.40 0.653200
721.60 0.653180
721.80 0.653160
722.00 0.653141
722.20 0.653121
722.40 0.653101
722.60 0.653081
722.80 0.653061
723.00 0.653042
723.20 0.653022
723.40 0.653002
723.60 0.652982
723.80 0.652963
724.00 0.652943
724.20 0.652923
724.40 0.652903
724.60 0.652883
724.80 0.652864
725.00 0.652844
725.20 0.652824
725.40 0.652804
725.60 0.652785
725.80 0.652765
726.00 0.652745
726.20 0.652725
726.40 0.652706
726.60 0.652686
726.80 0.652666
727.00 0.652646
727.20 0.652626
727.40 0.652607
727.60 0.652587
727.80 0.652567
728.00 0.652547
728.20 0.652528
728.40 0.652508
728.60 0.652488
728.80 0.652468
729.00 0.652448
729.20 0.652429
729.40 0.652409
729.60 0.652389
729.80 0.652369
730.00 0.652350
730.20 0.652330
730.40 0.652310
730.60 0.652290
730.80 0.652271
731.00 0.652251
731.20 0.652231
731.40 0.652211
731.60 0.652191
731.80 0.652172
732.00 0.652152
732.20 0.652132
732.40 0.652112
732.60 0.652093
732.80 0.652073
733.00 0.652053
733.20 0.652033
733.40 0.652014
733.60 0.651994
733.80 0.651974
734.00 0.651954
734.20 0.651934
734.40 0.651915
734.60 0.651895
734.80 0.651875
735.00 0.651855
735.20 0.651836
735.40 0.651816
735.60 0.651796
735.80 0.651776
736.00 0.651756
736.20 0.651737
736.40 0.651717
736.60 0.651697
736.80 0.651677
737.00 0.651658
737.20 0.651638
737.40 0.651618
737.60 0.651598
737.80 0.651579
738.00 0.651559
738.20 0.651539
738.40 0.651519
738.60 0.651499
738.80 0.651480
739.00 0.651460
739.20 0.651440
739.40 0.651420
739.60 0.651401
739.80 0.651381
740.00 0.651361
740.20 0.651341
740.40 0.651321
740.60 0.651302
740.80 0.651282
741.00 0.651262
741.20 0.651242
741.40 0.651223
741.60 0.651203
741.80 0.651183
742.00 0.651163
742.20 0.651144
742.40 0.651124
742.60 0.651104
742.80 0.651084
743.00 0.651064
743.20 0.651045
743.40 0.651025
743.60 0.651005
743.80 0.650985
744.00 0.650966
744.20 0.650946
744.40 0.650926
744.60 0.650906
744.80 0.650886
745.00 0.650867
745.20 0.650847
745.40 0.650827
745.60 0.650807
745.80 0.650788
746.00 0.650768
746.20 0.650748
746.40 0.650748
746.60 0.650748
746.80 0.650748
747.00 0.650748
747.20 0.650748
747.40 0.650748
747.60 0.650748
747.80 0.650748
748.00 0.650748
748.20 0.650748
748.40 0.650748
748.60 0.650748
748.80 0.650748
749.00 0.650748
749.20 0.650748
749.40 0.650748
749.60 0.650748
749.80 0.650748
750.00 0.650748
750.20 0.650748
750.40 0.650748
750.60 0.650748
750.80 0.650748
751.00 0.650748
751.20 0.650748
751.40 0.650748
751.60 0.650748
751.80 0.650748
752.00 0.650748
752.20 0.650748
752.40 0.650748
752.60 0.650748
752.80 0.650748
753.00 0.650748
753.20 0.650748
753.40 0.650748
753.60 0.650748
753.80 0.650748
754.00 0.650748
754.20 0.650748
754.40 0.650748
754.60 0.650748
754.80 0.650748
755.00 0.650748
755.20 0.650748
755.40 0.650748
755.60 0.650748
755.80 0.650748
756.00 0.650748
756.20 0.650748
756.40 0.650748
756.60 0.650748
756.80 0.650748
757.00 0.650748
757.20 0.650748
757.40 0.650748
757.60 0.650748
757.80 0.650748
758.00 0.650748
758.20 0.650748
758.40 0.650748
758.60 0.650748
758.80 0.650748
759.00 0.650748
759.20 0.650748
759.40 0.650748
759.60 0.650748
759.80 0.650748
760.00 0.650748
760.20 0.650748
760.40 0.650748
760.60 0.650748
760.80 0.650748
761.00 0.650748
761.20 0.650748
761.40 0.650748
761.60 0.650748
761.80 0.650748
762.00 0.650748
762.20 0.650748
762.40 0.650748
762.60 0.650748
762.80 0.650748
763.00 0.650748
763.20 0.650748
763.40 0.650748
763.60 0.650748
763.80 0.650748
764.00 0.650748
764.20 0.650748
764.40 0.650748
764.60 0.650748
764.80 0.650748
765.00 0.650748
765.20 0.650748
765.40 0.650748
765.60 0.650748
765.80 0.650748
766.00 0.650748
766.20 0.650748
766.40 0.650748
766.60 0.650748
766.80 0.650748
767.00 0.650748
767.20 0.650748
767.40 0.650748
767.60 0.650748
767.80 0.650748
768.00 0.650748
768.20 0.650748
768.40 0.650748
768.60 0.650748
768.80 0.650748
769.00 0.650748
769.20 0.650748
769.40 0.650748
769.60 0.650748
769.80 0.650748
770.00 0.650748
770.20 0.650748
770.40 0.650748
770.60 0.650748
770.80 0.650748
771.00 0.650748
771.20 0.650748
771.40 0.650748
771.60 0.650748
771.80 0.650748
772.00 0.650748
772.20 0.650748
772.40 0.650748
772.60 0.650748
772.80 0.650748
773.00 0.650748
773.20 0.650748
773.40 0.650748
773.60 0.650748
773.80 0.650748
774.00 0.650748
774.20 0.650748
774.40 0.650748
774.60 0.650748
774.80 0.650748
775.00 0.650748
775.20 0.650748
775.40 0.650748
775.60 0.650748
775.80 0.650748
776.00 0.650748
776.20 0.650748
776.40 0.650748
776.60 0.650748
776.80 0.650748
777.00 0.650748
777.20 0.650748
777.40 0.650748
777.60 0.650748
777.80 0.650748
778.00 0.650748
778.20 0.650748
778.40 0.650748
778.60 0.650748
778.80 0.650748
779.00 0.650748
779.20 0.650748
779.40 0.650748
779.60 0.650748
779.80 0.650748
780.00 0.650748
780.20 0.650748
780.40 0.650748
780.60 0.650748
780.80 0.650748
781.00 0.650748
781.20 0.650748
781.40 0.650748
781.60 0.650748
781.80 0.650748
782.00 0.650748
782.20 0.650748
782.40 0.650748
782.60 0.650748
782.80 0.650748
783.00 0.650748
783.20 0.650748
783.40 0.650748
783.60 0.650748
783.80 0.650748
784.00 0.650748
784.20 0.650748
784.40 0.650748
784.60 0.650748
784.80 0.650748
785.00 0.650748
785.20 0.650748
785.40 0.650748
785.60 0.650748
785.80 0.650748
786.00 0.650748
786.20 0.650748
786.40 0.650748
786.60 0.650748
786.80 0.650748
787.00 0.650748
787.20 0.650748
787.40 0.650748
787.60 0.650748
787.80 0.650748
788.00 0.650748
788.20 0.650748
788.40 0.650748
788.60 0.650748
788.80 0.650748
789.00 0.650748
789.20 0.650748
789.40 0.650748
789.60 0.650748
789.80 0.650748
790.00 0.650748
790.20 0.650748
790.40 0.650748
790.60 0.650748
790.80 0.650748
791.00 0.650748
791.20 0.650748
791.40 0.650748
791.60 0.650748
791.80 0.650748
792.00 0.650748
792.20 0.650748
792.40 0.650748
792.60 0.650748
792.80 0.650748
793.00 0.650748
793.20 0.650748
793.40 0.650748
793.60 0.650748
793.80 0.650748
794.00 0.650748
794.20 0.650748
794.40 0.650748
794.60 0.650748
794.80 0.650748
795.00 0.650748
795.20 0.650748
795.40 0.650748
795.60 0.650748
795.80 0.650748
796.00 0.650748
796.20 0.650748
796.40 0.650748
796.60 0.650748
796.80 0.650748
797.00 0.650748
797.20 0.650748
797.40 0.650748
797.60 0.650748
797.80 0.650748
798.00 0.650748
798.20 0.650748
798.40 0.650748
798.60 0.650748
798.80 0.650748
799.00 0.650748
799.20 0.650748
799.40 0.650748
799.60 0.650748
799.80 0.650748
800.00 0.650748
800.20 0.650748
800.40 0.650748
800.60 0.650748
800.80 0.650748
801.00 0.650748
801.20 0.650748
801.40 0.650748
801.60 0.650748
801.80 0.650748
802.00 0.650748
802.20 0.650748
802.40 0.650748
802.60 0.650748
802.80 0.650748
803.00 0.650748
803.20 0.650748
803.40 0.650748
803.60 0.650748
803.80 0.650748
804.00 0.650748
804.20 0.650748
804.40 0.650748
804.60 0.650748
804.80 0.650748
805.00 0.650748
805.20 0.650748
805.40 0.650748
805.60 0.650748
805.80 0.650748
806.00 0.650748
806.20 0.650748
806.40 0.650748
806.60 0.650748
806.80 0.650748
807.00 0.650748
807.20 0.650748
807.40 0.650748
807.60 0.650748
807.80 0.650748
808.00 0.650748
808.20 0.650748
808.40 0.650748
808.60 0.650748
808.80 0.650748
809.00 0.650748
809.20 0.650748
809.40 0.650748
809.60 0.650748
809.80 0.650748
810.00 0.650748
810.20 0.650748
810.40 0.650748
810.60 0.650748
810.80 0.650748
811.00 0.650748
811.20 0.650748
811.40 0.650748
811.60 0.650748
811.80 0.650748
812.00 0.650748
812.20 0.650748
812.40 0.650748
812.60 0.650748
812.80 0.650748
813.00 0.650748
813.20 0.650748
813.40 0.650748
813.60 0.650748
813.80 0.650748
814.00 0.650748
814.20 0.650748
814.40 0.650748
814.60 0.650748
814.80 0.650748
815.00 0.650748
815.20 0.650748
815.40 0.650748
815.60 0.650748
815.80 0.650748
816.00 0.650748
816.20 0.650748
816.40 0.650748
816.60 0.650748
816.80 0.650748
817.00 0.650748
817.20 0.650748
817.40 0.650748
817.60 0.650748
817.80 0.650748
818.00 0.650748
818.20 0.650748
818.40 0.650748
818.60 0.650748
818.80 0.650748
819.00 0.650748
819.20 0.650748
819.40 0.650748
819.60 0.650748
819.80 0.650748
820.00 0.650748
820.20 0.650748
820.40 0.650748
820.60 0.650748
820.80 0.650748
821.00 0.650748
821.20 0.650748
821.40 0.650748
821.60 0.650748
821.80 0.650748
822.00 0.650748
822.20 0.650748
822.40 0.650748
822.60 0.650748
822.80 0.650748
823.00 0.650748
823.20 0.650748
823.40 0.650748
823.60 0.650748
823.80 0.650748
824.00 0.650748
824.20 0.650748
824.40 0.650748
824.60 0.650748
824.80 0.650748
825.00 0.650748
825.20 0.650748
825.40 0.650748
825.60 0.650748
825.80 0.650748
826.00 0.650748
826.20 0.650748
826.40 0.650748
826.60 0.650748
826.80 0.650748
827.00 0.650748
827.20 0.650748
827.40 0.650748
827.60 0.650748
827.80 0.650748
828.00 0.650748
828.20 0.650748
828.40 0.650748
828.60 0.650748
828.80 0.650748
829.00 0.650748
829.20 0.650748
829.40 0.650748
829.60 0.650748
829.80 0.650748
830.00 0.650748
830.20 0.650748
830.40 0.650748
830.60 0.650748
830.80 0.650748
831.00 0.650748
831.20 0.650748
831.40 0.650748
831.60 0.650748
831.80 0.650748
832.00 0.650748
832.20 0.650748
832.40 0.650748
832.60 0.650748
832.80 0.650748
833.00 0.650748
833.20 0.650748
833.40 0.650748
833.60 0.650748
833.80 0.650748
834.00 0.650748
834.20 0.650748
834.40 0.650748
834.60 0.650748
834.80 0.650748
835.00 0.650748
835.20 0.650748
835.40 0.650748
835.60 0.650748
835.80 0.650748
836.00 0.650748
836.20 0.650748
836.40 0.650748
836.60 0.650748
836.80 0.650748
837.00 0.650748
837.20 0.650748
837.40 0.650748
837.60 0.650748
837.80 0.650748
838.00 0.650748
838.20 0.650748
838.40 0.650748
838.60 0.650748
838.80 0.650748
839.00 0.650748
839.20 0.650748
839.40 0.650748
839.60 0.650748
839.80 0.650748
840.00 0.650748
840.20 0.650748
840.40 0.650748
840.60 0.650748
840.80 0.650748
841.00 0.650748
841.20 0.650748
841.40 0.650748
841.60 0.650748
841.80 0.650748
842.00 0.650748
842.20 0.650748
842.40 0.650748
842.60 0.650748
842.80 0.650748
843.00 0.650748
843.20 0.650748
843.40 0.650748
843.60 0.650748
843.80 0.650748
844.00 0.650748
844.20 0.650748
844.40 0.650748
844.60 0.650748
844.80 0.650748
845.00 0.650748
845.20 0.650748
845.40 0.650748
845.60 0.650748
845.80 0.650748
846.00 0.650748
846.20 0.650748
846.40 0.650748
846.60 0.650748
846.80 0.650748
847.00 0.650748
847.20 0.650748
847.40 0.650748
847.60 0.650748
847.80 0.650748
848.00 0.650748
848.20 0.650748
848.40 0.650748
848.60 0.650748
848.80 0.650748
849.00 0.650748
849.20 0.650748
849.40 0.650748
849.60 0.650748
849.80 0.650748
850.00 0.650748
850.20 0.650748
850.40 0.650748
850.60 0.650748
850.80 0.650748
851.00 0.650748
851.20 0.650748
851.40 0.650748
851.60 0.650748
851.80 0.650748
852.00 0.650748
852.20 0.650748
852.40 0.650748
852.60 0.650748
852.80 0.650748
853.00 0.650748
853.20 0.650748
853.40 0.650748
853.60 0.650748
853.80 0.650748
854.00 0.650748
854.20 0.650748
854.40 0.650748
854.60 0.650748
854.80 0.650748
855.00 0.650748
855.20 0.650748
855.40 0.650748
855.60 0.650748
855.80 0.650748
856.00 0.650748
856.20 0.650748
856.40 0.650748
856.60 0.650748
856.80 0.650748
857.00 0.650748
857.20 0.650748
857.40 0.650748
857.60 0.650748
857.80 0.650748
858.00 0.650748
858.20 0.650748
858.40 0.650748
858.60 0.650748
858.80 0.650748
859.00 0.650748
859.20 0.650748
859.40 0.650748
859.60 0.650748
859.80 0.650748
860.00 0.650748
860.20 0.650748
860.40 0.650748
860.60 0.650748
860.80 0.650748
861.00 0.650748
861.20 0.650748
861.40 0.650748
861.60 0.650748
861.80 0.650748
862.00 0.650748
862.20 0.650748
862.40 0.650748
862.60 0.650748
862.80 0.650748
863.00 0.650748
863.20 0.650748
863.40 0.650748
863.60 0.650748
863.80 0.650748
864.00 0.650748
864.20 0.650748
864.40 0.650748
864.60 0.650748
864.80 0.650748
865.00 0.650748
865.20 0.650748
865.40 0.650748
865.60 0.650748
865.80 0.650748
866.00 0.650748
866.20 0.650748
866.40 0.650748
866.60 0.650748
866.80 0.650748
867.00 0.650748
867.20 0.650748
867.40 0.650749
867.60 0.650751
867.80 0.650752
868.00 0.650754
868.20 0.650756
868.40 0.650757
868.60 0.650759
868.80 0.650761
869.00 0.650762
869.20 0.650764
869.40 0.650766
869.60 0.650768
869.80 0.650769
870.00 0.650771
870.20 0.650773
870.40 0.650774
870.60 0.650776
870.80 0.650778
871.00 0.650779
871.20 0.650781
871.40 0.650783
871.60 0.650784
871.80 0.650786
872.00 0.650788
872.20 0.650790
872.40 0.650791
872.60 0.650793
872.80 0.650795
873.00 0.650796
873.20 0.650798
873.40 0.650800
873.60 0.650801
873.80 0.650803
874.00 0.650805
874.20 0.650806
874.40 0.650808
874.60 0.650810
874.80 0.650812
875.00 0.650813
875.20 0.650815
875.40 0.650817
875.60 0.650818
875.80 0.650820
876.00 0.650822
876.20 0.650823
876.40 0.650825
876.60 0.650827
876.80 0.650828
877.00 0.650830
877.20 0.650832
877.40 0.650833
877.60 0.650835
877.80 0.650837
878.00 0.650839
878.20 0.650840
878.40 0.650842
878.60 0.650844
878.80 0.650845
879.00 0.650847
879.20 0.650849
879.40 0.650850
879.60 0.650852
879.80 0.650854
880.00 0.650855
880.20 0.650857
880.40 0.650859
880.60 0.650861
880.80 0.650862
881.00 0.650864
881.20 0.650866
881.40 0.650867
881.60 0.650869
881.80 0.650871
882.00 0.650872
882.20 0.650874
882.40 0.650876
882.60 0.650877
882.80 0.650879
883.00 0.650881
883.20 0.650883
883.40 0.650884
883.60 0.650886
883.80 0.650888
884.00 0.650889
884.20 0.650891
884.40 0.650893
884.60 0.650894
884.80 0.650896
885.00 0.650898
885.20 0.650899
885.40 0.650901
885.60 0.650903
885.80 0.650905
886.00 0.650906
886.20 0.650908
886.40 0.650910
886.60 0.650911
886.80 0.650913
887.00 0.650915
887.20 0.650916
887.40 0.650918
887.60 0.650920
887.80 0.650921
888.00 0.650923
888.20 0.650925
888.40 0.650927
888.60 0.650928
888.80 0.650930
889.00 0.650932
889.20 0.650933
889.40 0.650935
889.60 0.650937
889.80 0.650938
890.00 0.650940
890.20 0.650942
890.40 0.650943
890.60 0.650945
890.80 0.650947
891.00 0.650949
891.20 0.650950
891.40 0.650952
891.60 0.650954
891.80 0.650955
892.00 0.650957
892.20 0.650959
892.40 0.650960
892.60 0.650962
892.80 0.650964
893.00 0.650965
893.20 0.650967
893.40 0.650969
893.60 0.650970
893.80 0.650972
894.00 0.650974
894.20 0.650976
894.40 0.650977
894.60 0.650979
894.80 0.650981
895.00 0.650982
895.20 0.650984
895.40 0.650986
895.60 0.650987
895.80 0.650989
896.00 0.650991
896.20 0.650992
896.40 0.650994
896.60 0.650996
896.80 0.650998
897.00 0.650999
897.20 0.651001
897.40 0.651003
897.60 0.651004
897.80 0.651006
898.00 0.651008
898.20 0.651009
898.40 0.651011
898.60 0.651013
898.80 0.651014
899.00 0.651016
899.20 0.651018
899.40 0.651020
899.60 0.651021
899.80 0.651023
900.00 0.651025
900.20 0.651026
900.40 0.651028
900.60 0.651030
900.80 0.651031
901.00 0.651033
901.20 0.651035
901.40 0.651036
901.60 0.651038
901.80 0.651040
902.00 0.651042
902.20 0.651043
902.40 0.651045
902.60 0.651047
902.80 0.651048
903.00 0.651050
903.20 0.651052
903.40 0.651053
903.60 0.651055
903.80 0.651057
904.00 0.651058
904.20 0.651060
904.40 0.651062
904.60 0.651064
904.80 0.651065
905.00 0.651067
905.20 0.651069
905.40 0.651070
905.60 0.651072
905.80 0.651074
906.00 0.651075
906.20 0.651077
906.40 0.651079
906.60 0.651080
906.80 0.651082
907.00 0.651084
907.20 0.651085
907.40 0.651087
907.60 0.651089
907.80 0.651091
908.00 0.651092
908.20 0.651094
908.40 0.651096
908.60 0.651097
908.80 0.651099
909.00 0.651101
909.20 0.651102
909.40 0.651104
909.60 0.651106
909.80 0.651107
910.00 0.651109
910.20 0.651111
910.40 0.651113
910.60 0.651114
910.80 0.651116
911.00 0.651118
911.20 0.651119
911.40 0.651121
911.60 0.651123
911.80 0.651124
912.00 0.651126
912.20 0.651128
912.40 0.651129
912.60 0.651131
912.80 0.651133
913.00 0.651135
913.20 0.651136
913.40 0.651138
913.60 0.651140
913.80 0.651141
914.00 0.651143
914.20 0.651145
914.40 0.651146
914.60 0.651148
914.80 0.651150
915.00 0.651151
915.20 0.651153
915.40 0.651155
915.60 0.651157
915.80 0.651158
916.00 0.651160
916.20 0.651162
916.40 0.651163
916.60 0.651165
916.80 0.651167
917.00 0.651168
917.20 0.651170
917.40 0.651172
917.60 0.651173
917.80 0.651175
918.00 0.651177
918.20 0.651179
918.40 0.651180
918.60 0.651182
918.80 0.651184
919.00 0.651185
919.20 0.651187
919.40 0.651189
919.60 0.651190
919.80 0.651192
920.00 0.651194
920.20 0.651195
920.40 0.651197
920.60 0.651199
920.80 0.651201
921.00 0.651202
921.20 0.651204
921.40 0.651206
921.60 0.651207
921.80 0.651209
922.00 0.651211
922.20 0.651212
922.40 0.651214
922.60 0.651216
922.80 0.651217
923.00 0.651219
923.20 0.651221
923.40 0.651222
923.60 0.651224
923.80 0.651226
924.00 0.651228
924.20 0.651229
924.40 0.651231
924.60 0.651233
924.80 0.651234
925.00 0.651236
925.20 0.651238
925.40 0.651239
925.60 0.651241
925.80 0.651243
926.00 0.651244
926.20 0.651246
926.40 0.651248
926.60 0.651250
926.80 0.651251
927.00 0.651253
927.20 0.651255
927.40 0.651256
927.60 0.651258
927.80 0.651260
928.00 0.651261
928.20 0.651263
928.40 0.651265
928.60 0.651266
928.80 0.651268
929.00 0.651270
929.20 0.651272
929.40 0.651273
929.60 0.651275
929.80 0.651277
930.00 0.651278
930.20 0.651280
930.40 0.651282
930.60 0.651283
930.80 0.651285
931.00 0.651287
931.20 0.651288
931.40 0.651290
931.60 0.651292
931.80 0.651294
932.00 0.651295
932.20 0.651297
932.40 0.651299
932.60 0.651300
932.80 0.651302
933.00 0.651304
933.20 0.651305
933.40 0.651307
933.60 0.651309
933.80 0.651310
934.00 0.651312
934.20 0.651314
934.40 0.651316
934.60 0.651317
934.80 0.651319
935.00 0.651321
935.20 0.651322
935.40 0.651324
935.60 0.651326
935.80 0.651327
936.00 0.651329
936.20 0.651331
936.40 0.651332
936.60 0.651334
936.80 0.651336
937.00 0.651338
937.20 0.651339
937.40 0.651341
937.60 0.651343
937.80 0.651344
938.00 0.651346
938.20 0.651348
938.40 0.651349
938.60 0.651351
938.80 0.651353
939.00 0.651354
939.20 0.651356
939.40 0.651358
939.60 0.651359
939.80 0.651361
940.00 0.651363
940.20 0.651365
940.40 0.651366
940.60 0.651368
940.80 0.651370
941.00 0.651371
941.20 0.651373
941.40 0.651375
941.60 0.651376
941.80 0.651378
942.00 0.651380
942.20 0.651381
942.40 0.651383
942.60 0.651385
942.80 0.651387
943.00 0.651388
943.20 0.651390
943.40 0.651392
943.60 0.651393
943.80 0.651395
944.00 0.651397
944.20 0.651398
944.40 0.651400
944.60 0.651402
944.80 0.651403
945.00 0.651405
945.20 0.651407
945.40 0.651409
945.60 0.651410
945.80 0.651412
946.00 0.651414
946.20 0.651415
946.40 0.651417
946.60 0.651419
946.80 0.651420
947.00 0.651422
947.20 0.651424
947.40 0.651425
947.60 0.651427
947.80 0.651429
948.00 0.651431
948.20 0.651432
948.40 0.651434
948.60 0.651436
948.80 0.651437
949.00 0.651439
949.20 0.651441
949.40 0.651442
949.60 0.651444
949.80 0.651446
950.00 0.651447
950.20 0.651449
950.40 0.651451
950.60 0.651453
950.80 0.651454
951.00 0.651456
951.20 0.651458
951.40 0.651459
951.60 0.651461
951.80 0.651463
952.00 0.651464
952.20 0.651466
952.40 0.651468
952.60 0.651469
952.80 0.651471
953.00 0.651473
953.20 0.651475
953.40 0.651476
953.60 0.651478
953.80 0.651480
954.00 0.651481
954.20 0.651483
954.40 0.651485
954.60 0.651486
954.80 0.651488
955.00 0.651490
955.20 0.651491
955.40 0.651493
955.60 0.651495
955.80 0.651496
956.00 0.651498
956.20 0.651500
956.40 0.651502
956.60 0.651503
956.80 0.651505
957.00 0.651507
957.20 0.651508
957.40 0.651510
957.60 0.651512
957.80 0.651513
958.00 0.651515
958.20 0.651517
958.40 0.651518
958.60 0.651520
958.80 0.651522
959.00 0.651524
959.20 0.651525
959.40 0.651527
959.60 0.651529
959.80 0.651530
960.00 0.651532
960.20 0.651534
960.40 0.651535
960.60 0.651537
960.80 0.651539
961.00 0.651540
961.20 0.651542
961.40 0.651544
961.60 0.651546
961.80 0.651547
962.00 0.651549
962.20 0.651551
962.40 0.651552
962.60 0.651554
962.80 0.651556
963.00 0.651557
963.20 0.651559
963.40 0.651561
963.60 0.651562
963.80 0.651564
964.00 0.651566
964.20 0.651568
964.40 0.651569
964.60 0.651571
964.80 0.651573
965.00 0.651574
965.20 0.651576
965.40 0.651578
965.60 0.651579
965.80 0.651581
966.00 0.651583
966.20 0.651584
966.40 0.651586
966.60 0.651588
966.80 0.651590
967.00 0.651591
967.20 0.651593
967.40 0.651595
967.60 0.651596
967.80 0.651598
968.00 0.651600
968.20 0.651601
968.40 0.651603
968.60 0.651605
968.80 0.651606
969.00 0.651608
969.20 0.651610
969.40 0.651612
969.60 0.651613
969.80 0.651615
970.00 0.651617
970.20 0.651618
970.40 0.651620
970.60 0.651622
970.80 0.651623
971.00 0.651625
971.20 0.651627
971.40 0.651628
971.60 0.651630
971.80 0.651632
972.00 0.651633
972.20 0.651635
972.40 0.651637
972.60 0.651639
972.80 0.651640
973.00 0.651642
973.20 0.651644
973.40 0.651645
973.60 0.651647
973.80 0.651649
974.00 0.651650
974.20 0.651652
974.40 0.651654
974.60 0.651655
974.80 0.651657
975.00 0.651659
975.20 0.651661
975.40 0.651662
975.60 0.651664
975.80 0.651666
976.00 0.651667
976.20 0.651669
976.40 0.651671
976.60 0.651672
976.80 0.651674
977.00 0.651676
977.20 0.651677
977.40 0.651679
977.60 0.651681
977.80 0.651683
978.00 0.651684
978.20 0.651686
978.40 0.651688
978.60 0.651689
978.80 0.651691
979.00 0.651693
979.20 0.651694
979.40 0.651696
979.60 0.651698
979.80 0.651699
980.00 0.651701
980.20 0.651703
980.40 0.651705
980.60 0.651706
980.80 0.651708
981.00 0.651710
981.20 0.651711
981.40 0.651713
981.60 0.651715
981.80 0.651716
982.00 0.651718
982.20 0.651720
982.40 0.651721
982.60 0.651723
982.80 0.651725
983.00 0.651727
983.20 0.651728
983.40 0.651730
983.60 0.651732
983.80 0.651733
984.00 0.651735
984.20 0.651737
984.40 0.651738
984.60 0.651740
984.80 0.651742
985.00 0.651743
985.20 0.651745
985.40 0.651747
985.60 0.651749
985.80 0.651750
986.00 0.651752
986.20 0.651754
986.40 0.651755
986.60 0.651757
986.80 0.651759
987.00 0.651760
987.20 0.651762
987.40 0.651764
987.60 0.651765
987.80 0.651767
988.00 0.651769
988.20 0.651770
988.40 0.651772
988.60 0.651774
988.80 0.651776
989.00 0.651777
989.20 0.651779
989.40 0.651781
989.60 0.651782
989.80 0.651784
990.00 0.651786
990.20 0.651787
990.40 0.651789
990.60 0.651791
990.80 0.651792
991.00 0.651794
991.20 0.651796
991.40 0.651798
991.60 0.651799
991.80 0.651801
992.00 0.651803
992.20 0.651804
992.40 0.651806
992.60 0.651808
992.80 0.651809
993.00 0.651811
993.20 0.651813
993.40 0.651814
993.60 0.651816
993.80 0.651818
994.00 0.651820
994.20 0.651821
994.40 0.651823
994.60 0.651825
994.80 0.651826
995.00 0.651828
995.20 0.651830
995.40 0.651831
995.60 0.651833
995.80 0.651835
996.00 0.651836
996.20 0.651838
996.40 0.651840
996.60 0.651842
996.80 0.651843
997.00 0.651845
997.20 0.651847
997.40 0.651848
997.60 0.651850
997.80 0.651852
998.00 0.651853
998.20 0.651855
998.40 0.651857
998.60 0.651858
998.80 0.651860
999.00 0.651862
999.20 0.651864
999.40 0.651865
999.60 0.651867
999.80 0.651869
1000.00 0.651870
