 3000   0.0002
 3010   0.0002
 3020   0.0000
 3030   0.0003
 3040   0.0004
 3050   0.0001
 3060   0.0004
 3070   0.0020
 3080   0.0026
 3090   0.0174
 3100   0.0203
 3110   0.0090
 3120   0.0140
 3130   0.0343
 3140   0.0192
 3150   0.6319
 3160   9.0745
 3170  11.9978
 3180  20.0139
 3190  33.6863
 3200  48.5629
 3210  68.0745
 3220  80.1605
 3230  85.0934
 3240  89.1557
 3250  89.5766
 3260  90.7648
 3270  92.1004
 3280  92.0392
 3290  92.4507
 3300  93.3286
 3310  92.6570
 3320  93.5142
 3330  94.4827
 3340  93.5541
 3350  93.9731
 3360  95.0361
 3370  94.8988
 3380  95.1472
 3390  96.0184
 3400  95.5487
 3410  95.8611
 3420  95.4746
 3430  95.7114
 3440  95.4808
 3450  96.5396
 3460  96.2547
 3470  96.3795
 3480  95.8332
 3490  96.0450
 3500  95.0668
 3510  95.3812
 3520  95.4133
 3530  95.5603
 3540  95.3136
 3550  95.5422
 3560  95.4126
 3570  95.2652
 3580  95.5968
 3590  94.9148
 3600  95.4743
 3610  95.2226
 3620  95.7280
 3630  95.4218
 3640  95.3568
 3650  95.5956
 3660  95.4418
 3670  95.8310
 3680  95.1833
 3690  95.8097
 3700  95.4670
 3710  95.4997
 3720  94.8850
 3730  94.1961
 3740  95.4147
 3750  95.4478
 3760  95.4123
 3770  95.2615
 3780  95.3628
 3790  94.1538
 3800  94.1151
 3810  93.5896
 3820  71.4083
 3830  10.6423
 3840   2.9591
 3850   0.2050
 3860   0.0297
 3870   0.0078
 3880   0.0031
 3890   0.0018
 3900   0.0015
 3910   0.0019
 3920   0.0038
 3930   0.0041
 3940   0.0018
 3950   0.0008
 3960   0.0012
 3970   0.0028
 3980   0.0030
 3990   0.0015
 4000   0.0019
 4010   0.0035
 4020   0.0016
 4030   0.0004
 4040   0.0005
 4050   0.0011
 4060   0.0025
 4070   0.0022
 4080   0.0025
 4090   0.0047
 4100   0.0027
 4110   0.0009
 4120   0.0008
 4130   0.0019
 4140   0.0042
 4150   0.0051
 4160   0.0065
 4170   0.0071
 4180   0.0045
 4190   0.0047
 4200   0.0069
 4210   0.0035
 4220   0.0015
 4230   0.0020
 4240   0.0064
 4250   0.0042
 4260   0.0009
 4270   0.0006
 4280   0.0008
 4290   0.0009
 4300   0.0008
 4310   0.0015
 4320   0.0030
 4330   0.0010
 4340   0.0001
 4350   0.0000
 4360   0.0000
 4370   0.0001
 4380   0.0005
 4390   0.0011
 4400   0.0011
 4410   0.0014
 4420   0.0041
 4430   0.0077
 4440   0.0061
 4450   0.0067
 4460   0.0053
 4470   0.0026
 4480   0.0025
 4490   0.0043
 4500   0.0025
 4510   0.0007
 4520   0.0003
 4530   0.0002
 4540   0.0001
 4550   0.0000
 4560   0.0001
 4570   0.0001
 4580   0.0001
 4590   0.0000
 4600   0.0001
 4610   0.0004
 4620   0.0001
 4630   0.0000
 4640   0.0000
 4650   0.0001
 4660   0.0002
 4670   0.0002
 4680   0.0001
 4690   0.0000
 4700   0.0001
 4710   0.0003
 4720   0.0001
 4730   0.0000
 4740   0.0000
 4750   0.0000
 4760   0.0000
 4770   0.0002
 4780   0.0004
 4790   0.0002
 4800   0.0001
 4810   0.0001
 4820   0.0000
 4830   0.0000
 4840   0.0000
 4850   0.0000
 4860   0.0000
 4870   0.0000
 4880   0.0001
 4890   0.0007
 4900   0.0055
 4910   0.0073
 4920   0.0024
 4930   0.0012
 4940   0.0011
 4950   0.0012
 4960   0.0017
 4970   0.0038
 4980   0.0060
 4990   0.0036
 5000   0.0018
 5010   0.0015
 5020   0.0021
 5030   0.0045
 5040   0.0048
 5050   0.0019
 5060   0.0008
 5070   0.0005
 5080   0.0004
 5090   0.0003
 5100   0.0003
 5110   0.0003
 5120   0.0004
 5130   0.0005
 5140   0.0007
 5150   0.0014
 5160   0.0027
 5170   0.0037
 5180   0.0031
 5190   0.0029
 5200   0.0035
 5210   0.0051
 5220   0.0060
 5230   0.0044
 5240   0.0028
 5250   0.0019
 5260   0.0012
 5270   0.0008
 5280   0.0005
 5290   0.0003
 5300   0.0003
 5310   0.0003
 5320   0.0003
 5330   0.0006
 5340   0.0011
 5350   0.0014
 5360   0.0012
 5370   0.0007
 5380   0.0005
 5390   0.0005
 5400   0.0006
 5410   0.0008
 5420   0.0010
 5430   0.0012
 5440   0.0013
 5450   0.0011
 5460   0.0009
 5470   0.0007
 5480   0.0005
 5490   0.0005
 5500   0.0008
 5510   0.0016
 5520   0.0043
 5530   0.0036
 5540   0.0008
 5550   0.0002
 5560   0.0001
 5570   0.0000
 5580   0.0000
 5590   0.0000
 5600   0.0000
 5610   0.0000
 5620   0.0000
 5630   0.0000
 5640   0.0000
 5650   0.0000
 5660   0.0000
 5670   0.0000
 5680   0.0000
 5690   0.0001
 5700   0.0001
 5710   0.0002
 5720   0.0005
 5730   0.0009
 5740   0.0010
 5750   0.0010
 5760   0.0011
 5770   0.0011
 5780   0.0013
 5790   0.0016
 5800   0.0020
 5810   0.0026
 5820   0.0034
 5830   0.0044
 5840   0.0043
 5850   0.0030
 5860   0.0018
 5870   0.0012
 5880   0.0010
 5890   0.0010
 5900   0.0012
 5910   0.0019
 5920   0.0040
 5930   0.0081
 5940   0.0068
 5950   0.0029
 5960   0.0014
 5970   0.0009
 5980   0.0006
 5990   0.0005
 6000   0.0004
 6010   0.0003
 6020   0.0002
 6030   0.0002
 6040   0.0001
 6050   0.0001
 6060   0.0001
 6070   0.0001
 6080   0.0001
 6090   0.0001
 6100   0.0002
 6110   0.0003
 6120   0.0005
 6130   0.0008
 6140   0.0014
 6150   0.0021
 6160   0.0028
 6170   0.0036
 6180   0.0044
 6190   0.0052
 6200   0.0054
 6210   0.0047
 6220   0.0038
 6230   0.0030
 6240   0.0027
 6250   0.0026
 6260   0.0026
 6270   0.0026
 6280   0.0023
 6290   0.0020
 6300   0.0016
 6310   0.0013
 6320   0.0011
 6330   0.0010
 6340   0.0010
 6350   0.0010
 6360   0.0010
 6370   0.0010
 6380   0.0008
 6390   0.0007
 6400   0.0006
 6410   0.0005
 6420   0.0004
 6430   0.0004
 6440   0.0004
 6450   0.0005
 6460   0.0006
 6470   0.0007
 6480   0.0008
 6490   0.0010
 6500   0.0011
 6510   0.0012
 6520   0.0013
 6530   0.0014
 6540   0.0017
 6550   0.0019
 6560   0.0018
 6570   0.0015
 6580   0.0010
 6590   0.0006
 6600   0.0004
 6610   0.0003
 6620   0.0003
 6630   0.0002
 6640   0.0002
 6650   0.0002
 6660   0.0003
 6670   0.0004
 6680   0.0004
 6690   0.0006
 6700   0.0007
 6710   0.0008
 6720   0.0009
 6730   0.0009
 6740   0.0009
 6750   0.0009
 6760   0.0009
 6770   0.0010
 6780   0.0009
 6790   0.0009
 6800   0.0008
 6810   0.0007
 6820   0.0007
 6830   0.0007
 6840   0.0007
 6850   0.0008
 6860   0.0010
 6870   0.0014
 6880   0.0019
 6890   0.0027
 6900   0.0035
 6910   0.0033
 6920   0.0024
 6930   0.0017
 6940   0.0012
 6950   0.0010
 6960   0.0009
 6970   0.0008
 6980   0.0007
 6990   0.0005
 7000   0.0004
 7010   0.0002
 7020   0.0002
 7030   0.0001
 7040   0.0001
 7050   0.0001
 7060   0.0000
 7070   0.0000
 7080   0.0001
 7090   0.0000
 7100   0.0000
 7110   0.0000
 7120   0.0000
 7130   0.0001
 7140   0.0001
 7150   0.0003
 7160   0.0005
 7170   0.0011
 7180   0.0024
 7190   0.0047
 7200   0.0047
 7210   0.0033
 7220   0.0025
 7230   0.0019
 7240   0.0018
 7250   0.0018
 7260   0.0021
 7270   0.0021
 7280   0.0018
 7290   0.0014
 7300   0.0011
 7310   0.0007
 7320   0.0006
 7330   0.0005
 7340   0.0004
 7350   0.0004
 7360   0.0004
 7370   0.0004
 7380   0.0005
 7390   0.0004
 7400   0.0006
 7410   0.0006
 7420   0.0005
 7430   0.0004
 7440   0.0004
 7450   0.0003
 7460   0.0003
 7470   0.0003
 7480   0.0003
 7490   0.0003
 7500   0.0003
 7510   0.0003
 7520   0.0003
 7530   0.0002
 7540   0.0001
 7550   0.0001
 7560   0.0001
 7570   0.0000
 7580   0.0000
 7590   0.0000
 7600   0.0000
 7610   0.0000
 7620   0.0000
 7630   0.0001
 7640   0.0000
 7650   0.0001
 7660   0.0001
 7670   0.0000
 7680   0.0000
 7690   0.0001
 7700   0.0001
 7710   0.0000
 7720   0.0001
 7730   0.0000
 7740   0.0001
 7750   0.0002
 7760   0.0002
 7770   0.0004
 7780   0.0007
 7790   0.0009
 7800   0.0018
 7810   0.0021
 7820   0.0027
 7830   0.0026
 7840   0.0028
 7850   0.0029
 7860   0.0032
 7870   0.0041
 7880   0.0053
 7890   0.0063
 7900   0.0076
 7910   0.0071
 7920   0.0056
 7930   0.0043
 7940   0.0030
 7950   0.0026
 7960   0.0021
 7970   0.0021
 7980   0.0018
 7990   0.0019
 8000   0.0030
 8002   0.0065
 8004   0.0069
 8006   0.0074
 8008   0.0047
 8010   0.0045
 8012   0.0053
 8014   0.0063
 8016   0.0055
 8018   0.0048
 8020   0.0023
 8022   0.0054
 8024   0.0057
 8026   0.0057
 8028   0.0039
 8030   0.0054
 8032   0.0036
 8034   0.0032
 8036   0.0037
 8038   0.0066
 8040   0.0051
 8042   0.0040
 8044   0.0048
 8046   0.0055
 8048   0.0043
 8050   0.0063
 8052   0.0038
 8054   0.0044
 8056   0.0054
 8058   0.0058
 8060   0.0044
 8062   0.0042
 8064   0.0037
 8066   0.0043
 8068   0.0039
 8070   0.0055
 8072   0.0043
 8074   0.0028
 8076   0.0051
 8078   0.0035
 8080   0.0045
 8082   0.0030
 8084   0.0028
 8086   0.0054
 8088   0.0026
 8090   0.0034
 8092   0.0040
 8094   0.0035
 8096   0.0040
 8098   0.0052
 8100   0.0047
 8102   0.0029
 8104   0.0042
 8106   0.0028
 8108   0.0048
 8110   0.0029
 8112   0.0039
 8114   0.0034
 8116   0.0033
 8118   0.0048
 8120   0.0037
 8122   0.0039
 8124   0.0039
 8126   0.0018
 8128   0.0050
 8130   0.0040
 8132   0.0048
 8134   0.0031
 8136   0.0033
 8138   0.0027
 8140   0.0039
 8142   0.0031
 8144   0.0040
 8146   0.0046
 8148   0.0030
 8150   0.0036
 8152   0.0035
 8154   0.0012
 8156   0.0037
 8158   0.0033
 8160   0.0040
 8162   0.0048
 8164   0.0035
 8166   0.0044
 8168   0.0034
 8170   0.0033
 8172   0.0035
 8174   0.0052
 8176   0.0042
 8178   0.0040
 8180   0.0029
 8182   0.0040
 8184   0.0033
 8186   0.0055
 8188   0.0027
 8190   0.0028
 8192   0.0039
 8194   0.0018
 8196   0.0033
 8198   0.0027
 8200   0.0037
 8202   0.0040
 8204   0.0017
 8206   0.0042
 8208   0.0023
 8210   0.0022
 8212   0.0033
 8214   0.0031
 8216   0.0038
 8218   0.0022
 8220   0.0019
 8222   0.0010
 8224   0.0036
 8226   0.0048
 8228   0.0028
 8230   0.0036
 8232   0.0032
 8234   0.0022
 8236   0.0011
 8238   0.0035
 8240   0.0038
 8242   0.0029
 8244   0.0018
 8246   0.0028
 8248   0.0029
 8250   0.0022
 8252   0.0025
 8254   0.0012
 8256   0.0038
 8258   0.0023
 8260   0.0022
 8262   0.0011
 8264   0.0022
 8266   0.0024
 8268   0.0030
 8270   0.0014
 8272   0.0020
 8274   0.0034
 8276   0.0028
 8278   0.0029
 8280   0.0009
 8282   0.0024
 8284   0.0021
 8286   0.0029
 8288   0.0023
 8290   0.0031
 8292   0.0002
 8294   0.0026
 8296   0.0037
 8298   0.0017
 8300   0.0025
 8302   0.0010
 8304   0.0020
 8306   0.0009
 8308   0.0017
 8310   0.0007
 8312   0.0008
 8314   0.0026
 8316   0.0028
 8318   0.0011
 8320   0.0022
 8322   0.0010
 8324   0.0019
 8326   0.0013
 8328   0.0008
 8330   0.0031
 8332   0.0014
 8334   0.0028
 8336   0.0023
 8338   0.0016
 8340   0.0027
 8342   0.0021
 8344   0.0021
 8346   0.0016
 8348   0.0025
 8350   0.0014
 8352   0.0004
 8354   0.0001
 8356   0.0016
 8358   0.0015
 8360   0.0020
 8362   0.0018
 8364   0.0010
 8366   0.0008
 8368   0.0012
 8370   0.0016
 8372   0.0013
 8374   0.0017
 8376   0.0008
 8378   0.0034
 8380   0.0002
 8382   0.0008
 8384   0.0024
 8386   0.0001
 8388   0.0017
 8390   0.0023
 8392   0.0019
 8394   0.0007
 8396   0.0002
 8398   0.0013
 8400   0.0019
 8402   0.0013
 8404   0.0009
 8406   0.0011
 8408   0.0014
 8410   0.0010
 8412   0.0009
 8414   0.0000
 8416   0.0005
 8418   0.0006
 8420   0.0019
 8422   0.0015
 8424   0.0014
 8426   0.0002
 8428   0.0004
 8430   0.0017
 8432   0.0015
 8434   0.0006
 8436   0.0004
 8438   0.0017
 8440   0.0006
 8442   0.0010
 8444   0.0012
 8446   0.0007
 8448   0.0012
 8450   0.0009
 8452   0.0010
 8454   0.0004
 8456   0.0012
 8458   0.0007
 8460   0.0011
 8462   0.0012
 8464   0.0007
 8466   0.0017
 8468   0.0001
 8470   0.0013
 8472   0.0005
 8474   0.0015
 8476   0.0010
 8478   0.0010
 8480   0.0007
 8482   0.0012
 8484   0.0010
 8486   0.0003
 8488   0.0014
 8490   0.0000
 8492   0.0013
 8494   0.0016
 8496   0.0005
 8498   0.0014
 8500   0.0014
 8502   0.0009
 8504   0.0016
 8506   0.0010
 8508   0.0003
 8510   0.0008
 8512   0.0011
 8514   0.0011
 8516   0.0009
 8518   0.0008
 8520   0.0013
 8522   0.0011
 8524   0.0000
 8526   0.0004
 8528   0.0010
 8530   0.0009
 8532   0.0007
 8534   0.0005
 8536   0.0010
 8538   0.0003
 8540   0.0004
 8542   0.0004
 8544   0.0004
 8546   0.0012
 8548   0.0007
 8550   0.0002
 8552   0.0006
 8554   0.0006
 8556   0.0002
 8558   0.0002
 8560   0.0002
 8562   0.0001
 8564   0.0005
 8566   0.0004
 8568   0.0003
 8570   0.0008
 8572   0.0009
 8574   0.0013
 8576   0.0001
 8578   0.0004
 8580   0.0000
 8582   0.0006
 8584   0.0004
 8586   0.0004
 8588   0.0022
 8590   0.0001
 8592   0.0016
 8594   0.0012
 8596   0.0011
 8598   0.0004
 8600   0.0011
 8602   0.0012
 8604   0.0005
 8606   0.0013
 8608   0.0006
 8610   0.0002
 8612   0.0009
 8614   0.0009
 8616   0.0009
 8618   0.0008
 8620   0.0008
 8622   0.0003
 8624   0.0005
 8626   0.0001
 8628   0.0004
 8630   0.0013
 8632   0.0007
 8634   0.0001
 8636   0.0004
 8638   0.0010
 8640   0.0004
 8642   0.0007
 8644   0.0002
 8646   0.0007
 8648   0.0001
 8650   0.0004
 8652   0.0012
 8654   0.0006
 8656   0.0004
 8658   0.0003
 8660   0.0004
 8662   0.0002
 8664   0.0012
 8666   0.0008
 8668   0.0003
 8670   0.0001
 8672   0.0004
 8674   0.0001
 8676   0.0003
 8678   0.0003
 8680   0.0004
 8682   0.0001
 8684   0.0008
 8686   0.0005
 8688   0.0001
 8690   0.0000
 8692   0.0002
 8694   0.0008
 8696   0.0009
 8698   0.0001
 8700   0.0002
 8702   0.0006
 8704   0.0007
 8706   0.0000
 8708   0.0009
 8710   0.0003
 8712   0.0007
 8714   0.0006
 8716   0.0001
 8718   0.0000
 8720   0.0004
 8722   0.0004
 8724   0.0007
 8726   0.0002
 8728   0.0005
 8730   0.0003
 8732   0.0006
 8734   0.0004
 8736   0.0006
 8738   0.0007
 8740   0.0009
 8742   0.0003
 8744   0.0007
 8746   0.0000
 8748   0.0007
 8750   0.0000
 8752   0.0001
 8754   0.0006
 8756   0.0000
 8758   0.0002
 8760   0.0001
 8762   0.0007
 8764   0.0001
 8766   0.0002
 8768   0.0000
 8770   0.0003
 8772   0.0005
 8774   0.0003
 8776   0.0003
 8778   0.0005
 8780   0.0001
 8782   0.0002
 8784   0.0003
 8786   0.0007
 8788   0.0009
 8790   0.0004
 8792   0.0004
 8794   0.0009
 8796   0.0000
 8798   0.0002
 8800   0.0004
 8802   0.0000
 8804   0.0002
 8806   0.0007
 8808   0.0001
 8810   0.0002
 8812   0.0005
 8814   0.0003
 8816   0.0001
 8818   0.0000
 8820   0.0003
 8822   0.0003
 8824   0.0005
 8826   0.0001
 8828   0.0002
 8830   0.0003
 8832   0.0003
 8834   0.0005
 8836   0.0005
 8838   0.0008
 8840   0.0006
 8842   0.0005
 8844   0.0003
 8846   0.0007
 8848   0.0003
 8850   0.0005
 8852   0.0004
 8854   0.0003
 8856   0.0004
 8858   0.0004
 8860   0.0007
 8862   0.0003
 8864   0.0003
 8866   0.0005
 8868   0.0007
 8870   0.0006
 8872   0.0004
 8874   0.0006
 8876   0.0007
 8878   0.0002
 8880   0.0006
 8882   0.0001
 8884   0.0004
 8886   0.0009
 8888   0.0006
 8890   0.0007
 8892   0.0010
 8894   0.0003
 8896   0.0010
 8898   0.0009
 8900   0.0010
 8902   0.0005
 8904   0.0007
 8906   0.0004
 8908   0.0006
 8910   0.0009
 8912   0.0007
 8914   0.0006
 8916   0.0013
 8918   0.0008
 8920   0.0014
 8922   0.0015
 8924   0.0010
 8926   0.0013
 8928   0.0007
 8930   0.0012
 8932   0.0012
 8934   0.0012
 8936   0.0008
 8938   0.0014
 8940   0.0012
 8942   0.0016
 8944   0.0015
 8946   0.0017
 8948   0.0017
 8950   0.0015
 8952   0.0014
 8954   0.0017
 8956   0.0014
 8958   0.0017
 8960   0.0018
 8962   0.0020
 8964   0.0020
 8966   0.0019
 8968   0.0022
 8970   0.0019
 8972   0.0021
 8974   0.0019
 8976   0.0025
 8978   0.0022
 8980   0.0027
 8982   0.0023
 8984   0.0023
 8986   0.0026
 8988   0.0027
 8990   0.0024
 8992   0.0027
 8994   0.0030
 8996   0.0026
 8998   0.0027
 9000   0.0026
 9002   0.0027
 9004   0.0028
 9006   0.0032
 9008   0.0032
 9010   0.0031
 9012   0.0030
 9014   0.0034
 9016   0.0031
 9018   0.0029
 9020   0.0036
 9022   0.0033
 9024   0.0037
 9026   0.0034
 9028   0.0036
 9030   0.0037
 9032   0.0035
 9034   0.0036
 9036   0.0038
 9038   0.0038
 9040   0.0038
 9042   0.0042
 9044   0.0038
 9046   0.0038
 9048   0.0037
 9050   0.0041
 9052   0.0042
 9054   0.0040
 9056   0.0043
 9058   0.0044
 9060   0.0042
 9062   0.0044
 9064   0.0043
 9066   0.0045
 9068   0.0046
 9070   0.0044
 9072   0.0044
 9074   0.0048
 9076   0.0047
 9078   0.0047
 9080   0.0049
 9082   0.0047
 9084   0.0049
 9086   0.0049
 9088   0.0048
 9090   0.0050
 9092   0.0051
 9094   0.0052
 9096   0.0051
 9098   0.0051
 9100   0.0054
 9102   0.0053
 9104   0.0051
 9106   0.0048
 9108   0.0051
 9110   0.0052
 9112   0.0050
 9114   0.0052
 9116   0.0051
 9118   0.0054
 9120   0.0054
 9122   0.0054
 9124   0.0054
 9126   0.0053
 9128   0.0053
 9130   0.0051
 9132   0.0054
 9134   0.0051
 9136   0.0054
 9138   0.0053
 9140   0.0051
 9142   0.0054
 9144   0.0053
 9146   0.0054
 9148   0.0052
 9150   0.0052
 9152   0.0052
 9154   0.0052
 9156   0.0053
 9158   0.0050
 9160   0.0051
 9162   0.0051
 9164   0.0052
 9166   0.0051
 9168   0.0051
 9170   0.0051
 9172   0.0051
 9174   0.0049
 9176   0.0050
 9178   0.0050
 9180   0.0051
 9182   0.0051
 9184   0.0049
 9186   0.0049
 9188   0.0048
 9190   0.0050
 9192   0.0049
 9194   0.0047
 9196   0.0047
 9198   0.0049
 9200   0.0047
 9202   0.0048
 9204   0.0048
 9206   0.0047
 9208   0.0044
 9210   0.0046
 9212   0.0047
 9214   0.0045
 9216   0.0044
 9218   0.0045
 9220   0.0045
 9222   0.0043
 9224   0.0044
 9226   0.0044
 9228   0.0044
 9230   0.0045
 9232   0.0045
 9234   0.0041
 9236   0.0039
 9238   0.0041
 9240   0.0040
 9242   0.0042
 9244   0.0042
 9246   0.0041
 9248   0.0041
 9250   0.0041
 9252   0.0042
 9254   0.0040
 9256   0.0040
 9258   0.0041
 9260   0.0040
 9262   0.0039
 9264   0.0037
 9266   0.0039
 9268   0.0040
 9270   0.0039
 9272   0.0037
 9274   0.0037
 9276   0.0039
 9278   0.0037
 9280   0.0039
 9282   0.0038
 9284   0.0039
 9286   0.0036
 9288   0.0038
 9290   0.0037
 9292   0.0037
 9294   0.0038
 9296   0.0038
 9298   0.0036
 9300   0.0037
 9302   0.0039
 9304   0.0037
 9306   0.0038
 9308   0.0037
 9310   0.0037
 9312   0.0037
 9314   0.0039
 9316   0.0039
 9318   0.0039
 9320   0.0040
 9322   0.0038
 9324   0.0040
 9326   0.0039
 9328   0.0039
 9330   0.0040
 9332   0.0040
 9334   0.0040
 9336   0.0041
 9338   0.0041
 9340   0.0040
 9342   0.0040
 9344   0.0040
 9346   0.0043
 9348   0.0042
 9350   0.0042
 9352   0.0042
 9354   0.0043
 9356   0.0042
 9358   0.0044
 9360   0.0043
 9362   0.0045
 9364   0.0043
 9366   0.0043
 9368   0.0044
 9370   0.0043
 9372   0.0045
 9374   0.0045
 9376   0.0046
 9378   0.0046
 9380   0.0046
 9382   0.0047
 9384   0.0046
 9386   0.0047
 9388   0.0048
 9390   0.0048
 9392   0.0047
 9394   0.0048
 9396   0.0050
 9398   0.0050
 9400   0.0049
 9402   0.0051
 9404   0.0051
 9406   0.0050
 9408   0.0052
 9410   0.0051
 9412   0.0051
 9414   0.0051
 9416   0.0051
 9418   0.0051
 9420   0.0052
 9422   0.0053
 9424   0.0054
 9426   0.0055
 9428   0.0056
 9430   0.0056
 9432   0.0058
 9434   0.0058
 9436   0.0057
 9438   0.0057
 9440   0.0057
 9442   0.0059
 9444   0.0060
 9446   0.0059
 9448   0.0060
 9450   0.0059
 9452   0.0058
 9454   0.0060
 9456   0.0060
 9458   0.0060
 9460   0.0060
 9462   0.0061
 9464   0.0060
 9466   0.0060
 9468   0.0059
 9470   0.0059
 9472   0.0060
 9474   0.0060
 9476   0.0060
 9478   0.0059
 9480   0.0059
 9482   0.0059
 9484   0.0059
 9486   0.0056
 9488   0.0058
 9490   0.0059
 9492   0.0056
 9494   0.0058
 9496   0.0058
 9498   0.0057
 9500   0.0057
 9502   0.0056
 9504   0.0057
 9506   0.0057
 9508   0.0055
 9510   0.0053
 9512   0.0055
 9514   0.0053
 9516   0.0053
 9518   0.0053
 9520   0.0052
 9522   0.0052
 9524   0.0052
 9526   0.0050
 9528   0.0049
 9530   0.0051
 9532   0.0048
 9534   0.0047
 9536   0.0048
 9538   0.0045
 9540   0.0048
 9542   0.0047
 9544   0.0043
 9546   0.0046
 9548   0.0043
 9550   0.0044
 9552   0.0041
 9554   0.0043
 9556   0.0041
 9558   0.0041
 9560   0.0038
 9562   0.0037
 9564   0.0037
 9566   0.0035
 9568   0.0037
 9570   0.0035
 9572   0.0034
 9574   0.0033
 9576   0.0033
 9578   0.0031
 9580   0.0032
 9582   0.0029
 9584   0.0030
 9586   0.0029
 9588   0.0027
 9590   0.0028
 9592   0.0027
 9594   0.0026
 9596   0.0025
 9598   0.0025
 9600   0.0022
 9602   0.0026
 9604   0.0024
 9606   0.0022
 9608   0.0023
 9610   0.0023
 9612   0.0022
 9614   0.0021
 9616   0.0019
 9618   0.0021
 9620   0.0020
 9622   0.0019
 9624   0.0019
 9626   0.0019
 9628   0.0017
 9630   0.0017
 9632   0.0017
 9634   0.0016
 9636   0.0015
 9638   0.0015
 9640   0.0012
 9642   0.0013
 9644   0.0014
 9646   0.0011
 9648   0.0014
 9650   0.0012
 9652   0.0012
 9654   0.0012
 9656   0.0009
 9658   0.0010
 9660   0.0010
 9662   0.0010
 9664   0.0009
 9666   0.0010
 9668   0.0010
 9670   0.0010
 9672   0.0009
 9674   0.0008
 9676   0.0008
 9678   0.0007
 9680   0.0008
 9682   0.0008
 9684   0.0007
 9686   0.0008
 9688   0.0008
 9690   0.0007
 9692   0.0008
 9694   0.0006
 9696   0.0007
 9698   0.0007
 9700   0.0007
 9702   0.0007
 9704   0.0005
 9706   0.0008
 9708   0.0007
 9710   0.0006
 9712   0.0007
 9714   0.0006
 9716   0.0006
 9718   0.0006
 9720   0.0006
 9722   0.0005
 9724   0.0006
 9726   0.0005
 9728   0.0006
 9730   0.0005
 9732   0.0006
 9734   0.0006
 9736   0.0006
 9738   0.0003
 9740   0.0005
 9742   0.0006
 9744   0.0006
 9746   0.0005
 9748   0.0004
 9750   0.0004
 9752   0.0006
 9754   0.0004
 9756   0.0005
 9758   0.0005
 9760   0.0003
 9762   0.0005
 9764   0.0005
 9766   0.0004
 9768   0.0005
 9770   0.0006
 9772   0.0004
 9774   0.0006
 9776   0.0005
 9778   0.0004
 9780   0.0004
 9782   0.0004
 9784   0.0004
 9786   0.0006
 9788   0.0004
 9790   0.0004
 9792   0.0005
 9794   0.0005
 9796   0.0004
 9798   0.0006
 9800   0.0005
 9802   0.0004
 9804   0.0004
 9806   0.0005
 9808   0.0004
 9810   0.0003
 9812   0.0006
 9814   0.0005
 9816   0.0006
 9818   0.0004
 9820   0.0003
 9822   0.0005
 9824   0.0006
 9826   0.0004
 9828   0.0004
 9830   0.0006
 9832   0.0003
 9834   0.0006
 9836   0.0003
 9838   0.0004
 9840   0.0003
 9842   0.0003
 9844   0.0004
 9846   0.0005
 9848   0.0004
 9850   0.0004
 9852   0.0004
 9854   0.0005
 9856   0.0005
 9858   0.0005
 9860   0.0003
 9862   0.0004
 9864   0.0004
 9866   0.0006
 9868   0.0004
 9870   0.0005
 9872   0.0004
 9874   0.0005
 9876   0.0005
 9878   0.0005
 9880   0.0006
 9882   0.0004
 9884   0.0005
 9886   0.0004
 9888   0.0006
 9890   0.0004
 9892   0.0005
 9894   0.0006
 9896   0.0006
 9898   0.0005
 9900   0.0005
 9902   0.0005
 9904   0.0006
 9906   0.0007
 9908   0.0005
 9910   0.0006
 9912   0.0006
 9914   0.0004
 9916   0.0005
 9918   0.0006
 9920   0.0005
 9922   0.0006
 9924   0.0006
 9926   0.0008
 9928   0.0005
 9930   0.0006
 9932   0.0008
 9934   0.0005
 9936   0.0007
 9938   0.0007
 9940   0.0006
 9942   0.0006
 9944   0.0007
 9946   0.0006
 9948   0.0007
 9950   0.0007
 9952   0.0008
 9954   0.0008
 9956   0.0008
 9958   0.0006
 9960   0.0008
 9962   0.0006
 9964   0.0008
 9966   0.0008
 9968   0.0008
 9970   0.0008
 9972   0.0009
 9974   0.0010
 9976   0.0009
 9978   0.0009
 9980   0.0009
 9982   0.0009
 9984   0.0010
 9986   0.0010
 9988   0.0009
 9990   0.0009
 9992   0.0009
 9994   0.0010
 9996   0.0010
 9998   0.0010
10000   0.0011
10002   0.0012
10004   0.0012
10006   0.0011
10008   0.0011
10010   0.0012
10012   0.0014
10014   0.0013
10016   0.0014
10018   0.0014
10020   0.0013
10022   0.0014
10024   0.0015
10026   0.0016
10028   0.0017
10030   0.0018
10032   0.0018
10034   0.0016
10036   0.0020
10038   0.0018
10040   0.0020
10042   0.0020
10044   0.0021
10046   0.0021
10048   0.0023
10050   0.0023
10052   0.0026
10054   0.0025
10056   0.0025
10058   0.0029
10060   0.0029
10062   0.0030
10064   0.0030
10066   0.0033
10068   0.0036
10070   0.0036
10072   0.0038
10074   0.0039
10076   0.0043
10078   0.0043
10080   0.0047
10082   0.0047
10084   0.0051
10086   0.0051
10088   0.0057
10090   0.0058
10092   0.0061
10094   0.0065
10096   0.0066
10098   0.0070
10100   0.0074
10102   0.0075
10104   0.0079
10106   0.0085
10108   0.0087
10110   0.0089
10112   0.0094
10114   0.0098
10116   0.0099
10118   0.0105
10120   0.0108
10122   0.0114
10124   0.0116
10126   0.0123
10128   0.0125
10130   0.0129
10132   0.0133
10134   0.0138
10136   0.0143
10138   0.0146
10140   0.0152
10142   0.0155
10144   0.0160
10146   0.0165
10148   0.0168
10150   0.0172
10152   0.0176
10154   0.0180
10156   0.0186
10158   0.0191
10160   0.0193
10162   0.0199
10164   0.0202
10166   0.0206
10168   0.0209
10170   0.0213
10172   0.0218
10174   0.0222
10176   0.0226
10178   0.0232
10180   0.0236
10182   0.0240
10184   0.0244
10186   0.0251
10188   0.0253
10190   0.0258
10192   0.0262
10194   0.0268
10196   0.0271
10198   0.0275
10200   0.0279
10202   0.0283
10204   0.0285
10206   0.0287
10208   0.0291
10210   0.0293
10212   0.0297
10214   0.0296
10216   0.0299
10218   0.0302
10220   0.0301
10222   0.0301
10224   0.0301
10226   0.0302
10228   0.0300
10230   0.0301
10232   0.0299
10234   0.0297
10236   0.0297
10238   0.0295
10240   0.0293
10242   0.0293
10244   0.0289
10246   0.0288
10248   0.0285
10250   0.0284
10252   0.0279
10254   0.0280
10256   0.0275
10258   0.0273
10260   0.0270
10262   0.0268
10264   0.0264
10266   0.0261
10268   0.0257
10270   0.0255
10272   0.0250
10274   0.0246
10276   0.0244
10278   0.0240
10280   0.0237
10282   0.0234
10284   0.0231
10286   0.0226
10288   0.0224
10290   0.0220
10292   0.0216
10294   0.0213
10296   0.0209
10298   0.0204
10300   0.0201
10302   0.0197
10304   0.0194
10306   0.0192
10308   0.0186
10310   0.0185
10312   0.0181
10314   0.0177
10316   0.0173
10318   0.0172
10320   0.0166
10322   0.0163
10324   0.0162
10326   0.0158
10328   0.0155
10330   0.0152
10332   0.0149
10334   0.0145
10336   0.0143
10338   0.0141
10340   0.0137
10342   0.0135
10344   0.0134
10346   0.0131
10348   0.0128
10350   0.0127
10352   0.0124
10354   0.0123
10356   0.0122
10358   0.0120
10360   0.0119
10362   0.0117
10364   0.0115
10366   0.0115
10368   0.0114
10370   0.0113
10372   0.0112
10374   0.0111
10376   0.0110
10378   0.0110
10380   0.0109
10382   0.0109
10384   0.0108
10386   0.0108
10388   0.0107
10390   0.0106
10392   0.0108
10394   0.0108
10396   0.0106
10398   0.0107
10400   0.0108
10402   0.0108
10404   0.0108
10406   0.0108
10408   0.0109
10410   0.0109
10412   0.0109
10414   0.0112
10416   0.0111
10418   0.0111
10420   0.0113
10422   0.0114
10424   0.0116
10426   0.0116
10428   0.0119
10430   0.0118
10432   0.0121
10434   0.0121
10436   0.0123
10438   0.0125
10440   0.0126
10442   0.0127
10444   0.0129
10446   0.0133
10448   0.0133
10450   0.0136
10452   0.0139
10454   0.0142
10456   0.0143
10458   0.0144
10460   0.0148
10462   0.0152
10464   0.0155
10466   0.0157
10468   0.0161
10470   0.0164
10472   0.0165
10474   0.0169
10476   0.0175
10478   0.0177
10480   0.0180
10482   0.0184
10484   0.0187
10486   0.0194
10488   0.0196
10490   0.0198
10492   0.0201
10494   0.0207
10496   0.0210
10498   0.0213
10500   0.0217
10502   0.0222
10504   0.0227
10506   0.0231
10508   0.0234
10510   0.0239
10512   0.0243
10514   0.0247
10516   0.0251
10518   0.0254
10520   0.0260
10522   0.0263
10524   0.0267
10526   0.0273
10528   0.0277
10530   0.0283
10532   0.0286
10534   0.0290
10536   0.0295
10538   0.0300
10540   0.0304
10542   0.0308
10544   0.0313
10546   0.0317
10548   0.0322
10550   0.0324
10552   0.0328
10554   0.0336
10556   0.0340
10558   0.0345
10560   0.0348
10562   0.0352
10564   0.0357
10566   0.0362
10568   0.0366
10570   0.0370
10572   0.0373
10574   0.0376
10576   0.0381
10578   0.0384
10580   0.0385
10582   0.0389
10584   0.0392
10586   0.0395
10588   0.0396
10590   0.0398
10592   0.0398
10594   0.0400
10596   0.0400
10598   0.0400
10600   0.0400
10602   0.0402
10604   0.0402
10606   0.0400
10608   0.0399
10610   0.0400
10612   0.0399
10614   0.0398
10616   0.0399
10618   0.0398
10620   0.0397
10622   0.0398
10624   0.0397
10626   0.0393
10628   0.0393
10630   0.0392
10632   0.0391
10634   0.0388
10636   0.0388
10638   0.0387
10640   0.0385
10642   0.0381
10644   0.0377
10646   0.0375
10648   0.0372
10650   0.0366
10652   0.0364
10654   0.0356
10656   0.0355
10658   0.0347
10660   0.0342
10662   0.0336
10664   0.0332
10666   0.0327
10668   0.0321
10670   0.0315
10672   0.0310
10674   0.0305
10676   0.0299
10678   0.0295
10680   0.0289
10682   0.0287
10684   0.0280
10686   0.0276
10688   0.0271
10690   0.0267
10692   0.0262
10694   0.0258
10696   0.0254
10698   0.0250
10700   0.0246
10702   0.0243
10704   0.0237
10706   0.0233
10708   0.0231
10710   0.0224
10712   0.0223
10714   0.0217
10716   0.0214
10718   0.0208
10720   0.0206
10722   0.0201
10724   0.0198
10726   0.0196
10728   0.0191
10730   0.0187
10732   0.0184
10734   0.0183
10736   0.0179
10738   0.0177
10740   0.0172
10742   0.0171
10744   0.0166
10746   0.0165
10748   0.0162
10750   0.0161
10752   0.0159
10754   0.0155
10756   0.0153
10758   0.0150
10760   0.0150
10762   0.0146
10764   0.0144
10766   0.0141
10768   0.0139
10770   0.0139
10772   0.0135
10774   0.0135
10776   0.0132
10778   0.0131
10780   0.0129
10782   0.0127
10784   0.0124
10786   0.0125
10788   0.0123
10790   0.0122
10792   0.0120
10794   0.0119
10796   0.0120
10798   0.0118
10800   0.0116
10802   0.0116
10804   0.0113
10806   0.0113
10808   0.0112
10810   0.0112
10812   0.0112
10814   0.0111
10816   0.0109
10818   0.0109
10820   0.0107
10822   0.0107
10824   0.0107
10826   0.0105
10828   0.0105
10830   0.0102
10832   0.0104
10834   0.0102
10836   0.0103
10838   0.0104
10840   0.0101
10842   0.0101
10844   0.0102
10846   0.0100
10848   0.0099
10850   0.0100
10852   0.0100
10854   0.0099
10856   0.0100
10858   0.0100
10860   0.0098
10862   0.0101
10864   0.0100
10866   0.0100
10868   0.0100
10870   0.0100
10872   0.0101
10874   0.0103
10876   0.0100
10878   0.0102
10880   0.0100
10882   0.0103
10884   0.0101
10886   0.0101
10888   0.0101
10890   0.0101
10892   0.0102
10894   0.0102
10896   0.0102
10898   0.0100
10900   0.0102
10902   0.0102
10904   0.0102
10906   0.0101
10908   0.0103
10910   0.0101
10912   0.0102
10914   0.0101
10916   0.0101
10918   0.0101
10920   0.0104
10922   0.0103
10924   0.0104
10926   0.0105
10928   0.0105
10930   0.0104
10932   0.0106
10934   0.0107
10936   0.0109
10938   0.0110
10940   0.0109
10942   0.0111
10944   0.0112
10946   0.0112
10948   0.0114
10950   0.0114
10952   0.0114
10954   0.0116
10956   0.0116
10958   0.0116
10960   0.0118
10962   0.0118
10964   0.0119
10966   0.0121
10968   0.0122
10970   0.0123
10972   0.0124
10974   0.0124
10976   0.0126
10978   0.0128
10980   0.0128
10982   0.0129
10984   0.0131
10986   0.0130
10988   0.0132
10990   0.0134
10992   0.0135
10994   0.0136
10996   0.0136
10998   0.0140
11000   0.0140
11002   0.0144
11004   0.0146
11006   0.0146
11008   0.0147
