 3001   0.0284
 3003   0.0277
 3005   0.0294
 3006   0.0272
 3008   0.0292
 3010   0.0278
 3012   0.0277
 3014   0.0277
 3015   0.0279
 3017   0.0275
 3019   0.0282
 3021   0.0262
 3023   0.0262
 3024   0.0273
 3026   0.0279
 3028   0.0279
 3030   0.0294
 3032   0.0278
 3033   0.0279
 3035   0.0294
 3037   0.0281
 3039   0.0277
 3041   0.0285
 3042   0.0287
 3044   0.0285
 3046   0.0282
 3048   0.0276
 3050   0.0266
 3051   0.0265
 3053   0.0264
 3055   0.0256
 3057   0.0263
 3059   0.0261
 3060   0.0273
 3062   0.0250
 3064   0.0270
 3066   0.0262
 3068   0.0285
 3069   0.0250
 3071   0.0215
 3073   0.0171
 3075   0.0124
 3077   0.0164
 3078   0.0206
 3080   0.0252
 3082   0.0270
 3084   0.0281
 3086   0.0262
 3087   0.0291
 3089   0.0282
 3091   0.0286
 3093   0.0290
 3095   0.0287
 3096   0.0278
 3098   0.0293
 3100   0.0276
 3102   0.0284
 3104   0.0287
 3105   0.0264
 3107   0.0247
 3109   0.0218
 3111   0.0209
 3113   0.0231
 3114   0.0261
 3116   0.0277
 3118   0.0274
 3120   0.0286
 3122   0.0291
 3123   0.0289
 3125   0.0296
 3127   0.0291
 3129   0.0293
 3131   0.0301
 3132   0.0287
 3134   0.0291
 3136   0.0286
 3138   0.0281
 3140   0.0265
 3141   0.0230
 3143   0.0178
 3145   0.0151
 3147   0.0181
 3149   0.0233
 3150   0.0267
 3152   0.0275
 3154   0.0291
 3156   0.0290
 3158   0.0300
 3159   0.0288
 3161   0.0290
 3163   0.0288
 3165   0.0285
 3167   0.0276
 3168   0.0284
 3170   0.0275
 3172   0.0274
 3174   0.0284
 3176   0.0290
 3177   0.0283
 3179   0.0295
 3181   0.0283
 3183   0.0285
 3185   0.0302
 3186   0.0282
 3188   0.0278
 3190   0.0295
 3192   0.0296
 3194   0.0292
 3195   0.0277
 3197   0.0285
 3199   0.0286
 3201   0.0281
 3203   0.0288
 3204   0.0278
 3206   0.0273
 3208   0.0289
 3210   0.0297
 3212   0.0293
 3213   0.0298
 3215   0.0295
 3217   0.0292
 3219   0.0289
 3221   0.0282
 3222   0.0286
 3224   0.0297
 3226   0.0288
 3228   0.0293
 3230   0.0303
 3231   0.0292
 3233   0.0288
 3235   0.0299
 3237   0.0287
 3239   0.0287
 3240   0.0295
 3242   0.0299
 3244   0.0308
 3246   0.0290
 3248   0.0288
 3249   0.0284
 3251   0.0300
 3253   0.0285
 3255   0.0289
 3257   0.0288
 3258   0.0293
 3260   0.0282
 3262   0.0287
 3264   0.0300
 3266   0.0293
 3267   0.0290
 3269   0.0284
 3271   0.0289
 3273   0.0303
 3275   0.0287
 3276   0.0295
 3278   0.0277
 3280   0.0221
 3282   0.0139
 3284   0.0006
 3285   0.0163
 3287   0.0328
 3289   0.0524
 3291   0.0575
 3293   0.0380
 3294   0.0072
 3296   0.0190
 3298   0.0272
 3300   0.0283
 3302   0.0300
 3303   0.0303
 3305   0.0297
 3307   0.0299
 3309   0.0298
 3311   0.0291
 3312   0.0283
 3314   0.0283
 3316   0.0303
 3318   0.0294
 3320   0.0294
 3321   0.0292
 3323   0.0287
 3325   0.0291
 3327   0.0296
 3329   0.0289
 3330   0.0295
 3332   0.0292
 3334   0.0282
 3336   0.0296
 3338   0.0296
 3339   0.0298
 3341   0.0290
 3343   0.0300
 3345   0.0291
 3347   0.0301
 3348   0.0296
 3350   0.0299
 3352   0.0297
 3354   0.0290
 3356   0.0287
 3357   0.0298
 3359   0.0296
 3361   0.0292
 3363   0.0288
 3365   0.0286
 3366   0.0294
 3368   0.0296
 3370   0.0296
 3372   0.0297
 3374   0.0303
 3375   0.0289
 3377   0.0296
 3379   0.0291
 3381   0.0289
 3383   0.0295
 3384   0.0293
 3386   0.0287
 3388   0.0292
 3390   0.0295
 3392   0.0292
 3393   0.0291
 3395   0.0283
 3397   0.0290
 3399   0.0291
 3401   0.0291
 3402   0.0289
 3404   0.0281
 3406   0.0299
 3408   0.0300
 3410   0.0304
 3411   0.0287
 3413   0.0291
 3415   0.0288
 3417   0.0305
 3419   0.0303
 3420   0.0287
 3422   0.0293
 3424   0.0278
 3426   0.0287
 3428   0.0290
 3429   0.0300
 3431   0.0294
 3433   0.0291
 3435   0.0293
 3437   0.0286
 3438   0.0296
 3440   0.0289
 3442   0.0291
 3444   0.0295
 3446   0.0282
 3447   0.0294
 3449   0.0287
 3451   0.0289
 3453   0.0292
 3455   0.0288
 3456   0.0289
 3458   0.0290
 3460   0.0293
 3462   0.0298
 3464   0.0289
 3465   0.0291
 3467   0.0290
 3469   0.0286
 3471   0.0288
 3473   0.0291
 3474   0.0285
 3476   0.0291
 3478   0.0281
 3480   0.0302
 3482   0.0283
 3483   0.0295
 3485   0.0290
 3487   0.0284
 3489   0.0284
 3491   0.0287
 3492   0.0303
 3494   0.0286
 3496   0.0298
 3498   0.0281
 3500   0.0286
 3501   0.0292
 3503   0.0283
 3505   0.0291
 3507   0.0288
 3509   0.0283
 3510   0.0282
 3512   0.0292
 3514   0.0279
 3516   0.0277
 3518   0.0290
 3519   0.0289
 3521   0.0289
 3523   0.0299
 3525   0.0298
 3527   0.0290
 3528   0.0276
 3530   0.0296
 3532   0.0281
 3534   0.0287
 3536   0.0278
 3537   0.0281
 3539   0.0286
 3541   0.0281
 3543   0.0292
 3545   0.0291
 3546   0.0288
 3548   0.0293
 3550   0.0290
 3552   0.0287
 3554   0.0284
 3555   0.0288
 3557   0.0290
 3559   0.0288
 3561   0.0281
 3563   0.0290
 3564   0.0280
 3566   0.0282
 3568   0.0287
 3570   0.0288
 3572   0.0286
 3573   0.0287
 3575   0.0285
 3577   0.0289
 3579   0.0288
 3581   0.0284
 3582   0.0290
 3584   0.0293
 3586   0.0285
 3588   0.0285
 3590   0.0290
 3591   0.0289
 3593   0.0283
 3595   0.0284
 3597   0.0294
 3599   0.0288
 3600   0.0284
 3602   0.0286
 3604   0.0286
 3606   0.0284
 3608   0.0281
 3609   0.0288
 3611   0.0291
 3613   0.0282
 3615   0.0290
 3617   0.0297
 3618   0.0292
 3620   0.0289
 3622   0.0294
 3624   0.0281
 3626   0.0290
 3627   0.0293
 3629   0.0289
 3631   0.0280
 3633   0.0289
 3635   0.0288
 3636   0.0283
 3638   0.0294
 3640   0.0294
 3642   0.0279
 3644   0.0280
 3645   0.0287
 3647   0.0290
 3649   0.0288
 3651   0.0287
 3653   0.0271
 3654   0.0266
 3656   0.0263
 3658   0.0250
 3660   0.0263
 3662   0.0277
 3663   0.0286
 3665   0.0290
 3667   0.0291
 3669   0.0280
 3671   0.0282
 3672   0.0291
 3674   0.0289
 3676   0.0287
 3678   0.0288
 3680   0.0288
 3681   0.0286
 3683   0.0284
 3685   0.0284
 3687   0.0292
 3689   0.0289
 3690   0.0296
 3692   0.0289
 3694   0.0296
 3696   0.0290
 3698   0.0286
 3699   0.0284
 3701   0.0295
 3703   0.0281
 3705   0.0286
 3707   0.0276
 3708   0.0285
 3710   0.0283
 3712   0.0279
 3714   0.0291
 3716   0.0294
 3717   0.0288
 3719   0.0294
 3721   0.0295
 3723   0.0289
 3725   0.0302
 3726   0.0294
 3728   0.0288
 3730   0.0282
 3732   0.0296
 3734   0.0284
 3735   0.0288
 3737   0.0291
 3739   0.0287
 3741   0.0290
 3743   0.0289
 3744   0.0293
 3746   0.0290
 3748   0.0287
 3750   0.0288
 3752   0.0288
 3753   0.0284
 3755   0.0285
 3757   0.0289
 3759   0.0290
 3761   0.0292
 3762   0.0290
 3764   0.0286
 3766   0.0289
 3768   0.0283
 3770   0.0285
 3771   0.0285
 3773   0.0271
 3775   0.0260
 3777   0.0239
 3779   0.0234
 3780   0.0225
 3782   0.0233
 3784   0.0248
 3786   0.0265
 3788   0.0277
 3789   0.0281
 3791   0.0276
 3793   0.0277
 3795   0.0278
 3797   0.0283
 3798   0.0294
 3800   0.0279
 3802   0.0283
 3804   0.0274
 3806   0.0277
 3807   0.0269
 3809   0.0269
 3811   0.0267
 3813   0.0270
 3815   0.0266
 3816   0.0270
 3818   0.0272
 3820   0.0268
 3822   0.0267
 3824   0.0272
 3825   0.0277
 3827   0.0273
 3829   0.0275
 3831   0.0290
 3833   0.0282
 3834   0.0280
 3836   0.0282
 3838   0.0283
 3840   0.0278
 3842   0.0281
 3843   0.0284
 3845   0.0287
 3847   0.0287
 3849   0.0289
 3851   0.0287
 3852   0.0282
 3854   0.0277
 3856   0.0289
 3858   0.0282
 3860   0.0280
 3861   0.0289
 3863   0.0278
 3865   0.0277
 3867   0.0279
 3869   0.0266
 3870   0.0265
 3872   0.0242
 3874   0.0238
 3876   0.0228
 3878   0.0209
 3879   0.0219
 3881   0.0233
 3883   0.0234
 3885   0.0254
 3887   0.0267
 3888   0.0272
 3890   0.0280
 3892   0.0273
 3894   0.0281
 3896   0.0287
 3897   0.0287
 3899   0.0286
 3901   0.0290
 3903   0.0286
 3905   0.0292
 3906   0.0283
 3908   0.0290
 3910   0.0282
 3912   0.0290
 3914   0.0289
 3915   0.0289
 3917   0.0289
 3919   0.0287
 3921   0.0296
 3923   0.0284
 3924   0.0287
 3926   0.0296
 3928   0.0294
 3930   0.0290
 3932   0.0296
 3933   0.0289
 3935   0.0295
 3937   0.0293
 3939   0.0297
 3941   0.0298
 3942   0.0296
 3944   0.0295
 3946   0.0295
 3948   0.0291
 3950   0.0290
 3951   0.0293
 3953   0.0294
 3955   0.0292
 3957   0.0291
 3959   0.0300
 3960   0.0296
 3962   0.0295
 3964   0.0295
 3966   0.0300
 3968   0.0293
 3969   0.0294
 3971   0.0290
 3973   0.0294
 3975   0.0297
 3977   0.0291
 3978   0.0293
 3980   0.0295
 3982   0.0296
 3984   0.0303
 3986   0.0288
 3987   0.0295
 3989   0.0294
 3991   0.0291
 3993   0.0293
 3995   0.0295
 3996   0.0294
 3998   0.0298
 4000   0.0294
 4002   0.0294
 4004   0.0298
 4005   0.0298
 4007   0.0294
 4009   0.0287
 4011   0.0299
 4013   0.0296
 4014   0.0294
 4016   0.0298
 4018   0.0300
 4020   0.0299
 4022   0.0296
 4023   0.0295
 4025   0.0293
 4027   0.0293
 4029   0.0296
 4031   0.0291
 4032   0.0298
 4034   0.0302
 4036   0.0296
 4038   0.0292
 4040   0.0292
 4041   0.0300
 4043   0.0292
 4045   0.0291
 4047   0.0294
 4049   0.0300
 4050   0.0293
 4052   0.0296
 4054   0.0292
 4056   0.0293
 4058   0.0298
 4059   0.0288
 4061   0.0298
 4063   0.0297
 4065   0.0294
 4067   0.0295
 4068   0.0296
 4070   0.0297
 4072   0.0292
 4074   0.0298
 4076   0.0294
 4077   0.0290
 4079   0.0297
 4081   0.0293
 4083   0.0294
 4085   0.0296
 4086   0.0297
 4088   0.0292
 4090   0.0287
 4092   0.0291
 4094   0.0291
 4095   0.0296
 4097   0.0296
 4099   0.0293
 4101   0.0295
 4103   0.0284
 4104   0.0292
 4106   0.0286
 4108   0.0288
 4110   0.0295
 4112   0.0294
 4113   0.0298
 4115   0.0295
 4117   0.0294
 4119   0.0295
 4121   0.0298
 4122   0.0291
 4124   0.0296
 4126   0.0295
 4128   0.0289
 4130   0.0289
 4131   0.0295
 4133   0.0294
 4135   0.0291
 4137   0.0289
 4139   0.0289
 4140   0.0291
 4142   0.0292
 4144   0.0292
 4146   0.0287
 4148   0.0292
 4149   0.0290
 4151   0.0294
 4153   0.0287
 4155   0.0286
 4157   0.0291
 4158   0.0284
 4160   0.0280
 4162   0.0284
 4164   0.0283
 4166   0.0278
 4167   0.0268
 4169   0.0264
 4171   0.0246
 4173   0.0220
 4175   0.0178
 4176   0.0111
 4178   0.0070
 4180   0.0072
 4182   0.0110
 4184   0.0165
 4185   0.0219
 4187   0.0246
 4189   0.0255
 4191   0.0266
 4193   0.0280
 4194   0.0283
 4196   0.0283
 4198   0.0286
 4200   0.0281
 4202   0.0290
 4203   0.0283
 4205   0.0287
 4207   0.0282
 4209   0.0284
 4211   0.0291
 4212   0.0290
 4214   0.0283
 4216   0.0286
 4218   0.0288
 4220   0.0286
 4221   0.0286
 4223   0.0291
 4225   0.0284
 4227   0.0288
 4229   0.0291
 4230   0.0290
 4232   0.0283
 4234   0.0290
 4236   0.0288
 4238   0.0290
 4239   0.0295
 4241   0.0284
 4243   0.0291
 4245   0.0289
 4247   0.0289
 4248   0.0291
 4250   0.0293
 4252   0.0288
 4254   0.0294
 4256   0.0292
 4257   0.0293
 4259   0.0290
 4261   0.0285
 4263   0.0284
 4265   0.0294
 4266   0.0291
 4268   0.0289
 4270   0.0289
 4272   0.0291
 4274   0.0292
 4275   0.0288
 4277   0.0290
 4279   0.0287
 4281   0.0291
 4283   0.0288
 4284   0.0289
 4286   0.0290
 4288   0.0285
 4290   0.0286
 4292   0.0289
 4293   0.0288
 4295   0.0290
 4297   0.0291
 4299   0.0288
 4301   0.0285
 4302   0.0288
 4304   0.0288
 4306   0.0291
 4308   0.0287
 4310   0.0290
 4311   0.0289
 4313   0.0285
 4315   0.0292
 4317   0.0286
 4319   0.0289
 4320   0.0286
 4322   0.0287
 4324   0.0288
 4326   0.0284
 4328   0.0289
 4329   0.0286
 4331   0.0286
 4333   0.0287
 4335   0.0285
 4337   0.0288
 4338   0.0285
 4340   0.0286
 4342   0.0286
 4344   0.0287
 4346   0.0290
 4347   0.0285
 4349   0.0285
 4351   0.0283
 4353   0.0285
 4355   0.0286
 4356   0.0284
 4358   0.0283
 4360   0.0287
 4362   0.0287
 4364   0.0284
 4365   0.0285
 4367   0.0284
 4369   0.0279
 4371   0.0280
 4373   0.0278
 4374   0.0281
 4376   0.0280
 4378   0.0272
 4380   0.0279
 4382   0.0275
 4383   0.0273
 4385   0.0274
 4387   0.0275
 4389   0.0271
 4391   0.0275
 4392   0.0268
 4394   0.0277
 4396   0.0272
 4398   0.0271
 4400   0.0275
 4401   0.0274
 4403   0.0273
 4405   0.0268
 4407   0.0270
 4409   0.0279
 4410   0.0272
 4412   0.0277
 4414   0.0278
 4416   0.0277
 4418   0.0279
 4419   0.0281
 4421   0.0277
 4423   0.0282
 4425   0.0282
 4427   0.0281
 4428   0.0285
 4430   0.0281
 4432   0.0285
 4434   0.0282
 4436   0.0280
 4437   0.0280
 4439   0.0282
 4441   0.0284
 4443   0.0282
 4445   0.0282
 4446   0.0282
 4448   0.0282
 4450   0.0285
 4452   0.0286
 4454   0.0282
 4455   0.0280
 4457   0.0286
 4459   0.0284
 4461   0.0285
 4463   0.0282
 4464   0.0290
 4466   0.0283
 4468   0.0282
 4470   0.0285
 4472   0.0282
 4473   0.0286
 4475   0.0284
 4477   0.0283
 4479   0.0284
 4481   0.0284
 4482   0.0288
 4484   0.0286
 4486   0.0286
 4488   0.0280
 4490   0.0282
 4491   0.0285
 4493   0.0284
 4495   0.0283
 4497   0.0285
 4499   0.0283
 4500   0.0279
 4502   0.0283
 4504   0.0286
 4506   0.0286
 4508   0.0282
 4509   0.0281
 4511   0.0283
 4513   0.0283
 4515   0.0279
 4517   0.0280
 4518   0.0276
 4520   0.0280
 4522   0.0277
 4524   0.0281
 4526   0.0279
 4527   0.0281
 4529   0.0277
 4531   0.0280
 4533   0.0280
 4535   0.0278
 4536   0.0283
 4538   0.0278
 4540   0.0279
 4542   0.0280
 4544   0.0283
 4545   0.0283
 4547   0.0283
 4549   0.0279
 4551   0.0280
 4553   0.0282
 4554   0.0282
 4556   0.0281
 4558   0.0285
 4560   0.0283
 4562   0.0283
 4563   0.0284
 4565   0.0286
 4567   0.0286
 4569   0.0290
 4571   0.0285
 4572   0.0284
 4574   0.0285
 4576   0.0287
 4578   0.0284
 4580   0.0284
 4581   0.0287
 4583   0.0282
 4585   0.0287
 4587   0.0289
 4589   0.0286
 4590   0.0287
 4592   0.0283
 4594   0.0287
 4596   0.0286
 4598   0.0284
 4599   0.0288
 4601   0.0284
 4603   0.0287
 4605   0.0286
 4607   0.0286
 4608   0.0287
 4610   0.0289
 4612   0.0286
 4614   0.0291
 4616   0.0290
 4617   0.0290
 4619   0.0285
 4621   0.0283
 4623   0.0284
 4625   0.0283
 4626   0.0289
 4628   0.0285
 4630   0.0285
 4632   0.0285
 4634   0.0289
 4635   0.0288
 4637   0.0286
 4639   0.0286
 4641   0.0286
 4643   0.0285
 4644   0.0289
 4646   0.0283
 4648   0.0284
 4650   0.0281
 4652   0.0283
 4653   0.0285
 4655   0.0284
 4657   0.0280
 4659   0.0280
 4661   0.0284
 4662   0.0281
 4664   0.0277
 4666   0.0277
 4668   0.0283
 4670   0.0280
 4671   0.0279
 4673   0.0274
 4675   0.0271
 4677   0.0270
 4679   0.0272
 4680   0.0264
 4682   0.0261
 4684   0.0256
 4686   0.0249
 4688   0.0246
 4689   0.0236
 4691   0.0226
 4693   0.0211
 4695   0.0204
 4697   0.0181
 4698   0.0177
 4700   0.0175
 4702   0.0185
 4704   0.0199
 4706   0.0214
 4707   0.0230
 4709   0.0241
 4711   0.0249
 4713   0.0260
 4715   0.0268
 4716   0.0269
 4718   0.0276
 4720   0.0272
 4722   0.0280
 4724   0.0279
 4725   0.0281
 4727   0.0283
 4729   0.0281
 4731   0.0284
 4733   0.0281
 4734   0.0286
 4736   0.0287
 4738   0.0287
 4740   0.0287
 4742   0.0289
 4743   0.0288
 4745   0.0284
 4747   0.0288
 4749   0.0283
 4751   0.0289
 4752   0.0287
 4754   0.0285
 4756   0.0288
 4758   0.0288
 4760   0.0288
 4761   0.0289
 4763   0.0287
 4765   0.0288
 4767   0.0287
 4769   0.0285
 4770   0.0285
 4772   0.0285
 4774   0.0287
 4776   0.0286
 4778   0.0286
 4779   0.0289
 4781   0.0283
 4783   0.0286
 4785   0.0284
 4787   0.0287
 4788   0.0284
 4790   0.0286
 4792   0.0285
 4794   0.0286
 4796   0.0287
 4797   0.0289
 4799   0.0291
 4801   0.0287
 4803   0.0286
 4805   0.0285
 4806   0.0289
 4808   0.0287
 4810   0.0286
 4812   0.0286
 4814   0.0289
 4815   0.0289
 4817   0.0286
 4819   0.0291
 4821   0.0284
 4823   0.0291
 4824   0.0287
 4826   0.0287
 4828   0.0284
 4830   0.0288
 4832   0.0287
 4833   0.0289
 4835   0.0290
 4837   0.0285
 4839   0.0287
 4841   0.0285
 4842   0.0287
 4844   0.0288
 4846   0.0285
 4848   0.0287
 4850   0.0289
 4851   0.0286
 4853   0.0285
 4855   0.0287
 4857   0.0283
 4859   0.0284
 4860   0.0285
 4862   0.0287
 4864   0.0285
 4866   0.0292
 4868   0.0285
 4869   0.0285
 4871   0.0282
 4873   0.0289
 4875   0.0288
 4877   0.0284
 4878   0.0288
 4880   0.0288
 4882   0.0288
 4884   0.0285
 4886   0.0285
 4887   0.0285
 4889   0.0288
 4891   0.0289
 4893   0.0284
 4895   0.0288
 4896   0.0287
 4898   0.0289
 4900   0.0286
 4902   0.0285
 4904   0.0291
 4905   0.0289
 4907   0.0286
 4909   0.0287
 4911   0.0286
 4913   0.0287
 4914   0.0287
 4916   0.0286
 4918   0.0284
 4920   0.0289
 4922   0.0285
 4923   0.0288
 4925   0.0286
 4927   0.0288
 4929   0.0286
 4931   0.0284
 4932   0.0286
 4934   0.0286
 4936   0.0286
 4938   0.0284
 4940   0.0286
 4941   0.0285
 4943   0.0282
 4945   0.0286
 4947   0.0287
 4949   0.0282
 4950   0.0287
 4952   0.0282
 4954   0.0281
 4956   0.0280
 4958   0.0281
 4959   0.0286
 4961   0.0286
 4963   0.0286
 4965   0.0287
 4967   0.0284
 4968   0.0281
 4970   0.0280
 4972   0.0279
 4974   0.0286
 4976   0.0283
 4977   0.0281
 4979   0.0285
 4981   0.0284
 4983   0.0281
 4985   0.0282
 4986   0.0282
 4988   0.0280
 4990   0.0283
 4992   0.0278
 4994   0.0283
 4995   0.0279
 4997   0.0283
 4999   0.0282
 5001   0.0279
 5003   0.0278
 5004   0.0282
 5006   0.0281
 5008   0.0278
 5010   0.0279
 5012   0.0276
 5013   0.0272
 5015   0.0274
 5017   0.0268
 5019   0.0270
 5021   0.0269
 5022   0.0266
 5024   0.0261
 5026   0.0257
 5028   0.0250
 5030   0.0246
 5031   0.0230
 5033   0.0220
 5035   0.0210
 5037   0.0192
 5039   0.0179
 5040   0.0166
 5042   0.0165
 5044   0.0169
 5046   0.0180
 5048   0.0191
 5049   0.0199
 5051   0.0218
 5053   0.0229
 5055   0.0238
 5057   0.0242
 5058   0.0250
 5060   0.0259
 5062   0.0251
 5064   0.0263
 5066   0.0267
 5067   0.0267
 5069   0.0269
 5071   0.0270
 5073   0.0273
 5075   0.0272
 5076   0.0276
 5078   0.0274
 5080   0.0277
 5082   0.0276
 5084   0.0277
 5085   0.0279
 5087   0.0277
 5089   0.0276
 5091   0.0279
 5093   0.0275
 5094   0.0275
 5096   0.0278
 5098   0.0281
 5100   0.0275
 5102   0.0280
 5103   0.0279
 5105   0.0278
 5107   0.0279
 5109   0.0274
 5111   0.0280
 5112   0.0279
 5114   0.0279
 5116   0.0274
 5118   0.0277
 5120   0.0277
 5121   0.0278
 5123   0.0276
 5125   0.0278
 5127   0.0280
 5129   0.0274
 5130   0.0274
 5132   0.0275
 5134   0.0278
 5136   0.0273
 5138   0.0273
 5139   0.0272
 5141   0.0268
 5143   0.0272
 5145   0.0268
 5147   0.0271
 5148   0.0268
 5150   0.0270
 5152   0.0269
 5154   0.0265
 5156   0.0261
 5157   0.0260
 5159   0.0262
 5161   0.0256
 5163   0.0256
 5165   0.0254
 5166   0.0253
 5168   0.0251
 5170   0.0247
 5172   0.0238
 5174   0.0238
 5175   0.0232
 5177   0.0230
 5179   0.0224
 5181   0.0219
 5183   0.0217
 5184   0.0208
 5186   0.0202
 5188   0.0192
 5190   0.0187
 5192   0.0184
 5193   0.0174
 5195   0.0168
 5197   0.0169
 5199   0.0173
 5201   0.0170
 5202   0.0172
 5204   0.0183
 5206   0.0186
 5208   0.0194
 5210   0.0201
 5211   0.0208
 5213   0.0214
 5215   0.0227
 5217   0.0227
 5219   0.0235
 5220   0.0242
 5222   0.0242
 5224   0.0250
 5226   0.0246
 5228   0.0257
 5229   0.0255
 5231   0.0260
 5233   0.0261
 5235   0.0260
 5237   0.0264
 5238   0.0266
 5240   0.0270
 5242   0.0269
 5244   0.0271
 5246   0.0269
 5247   0.0268
 5249   0.0267
 5251   0.0269
 5253   0.0275
 5255   0.0272
 5256   0.0274
 5258   0.0273
 5260   0.0273
 5262   0.0275
 5264   0.0274
 5265   0.0274
 5267   0.0275
 5269   0.0277
 5271   0.0276
 5273   0.0277
 5274   0.0275
 5276   0.0278
 5278   0.0279
 5280   0.0277
 5282   0.0278
 5283   0.0278
 5285   0.0274
 5287   0.0277
 5289   0.0281
 5291   0.0278
 5292   0.0273
 5294   0.0281
 5296   0.0273
 5298   0.0272
 5300   0.0278
 5301   0.0278
 5303   0.0272
 5305   0.0281
 5307   0.0281
 5309   0.0276
 5310   0.0281
 5312   0.0275
 5314   0.0277
 5316   0.0279
 5318   0.0280
 5319   0.0279
 5321   0.0278
 5323   0.0278
 5325   0.0272
 5327   0.0277
 5328   0.0273
 5330   0.0275
 5332   0.0273
 5334   0.0274
 5336   0.0273
 5337   0.0277
 5339   0.0275
 5341   0.0272
 5343   0.0271
 5345   0.0271
 5346   0.0273
 5348   0.0274
 5350   0.0273
 5352   0.0270
 5354   0.0265
 5355   0.0269
 5357   0.0268
 5359   0.0265
 5361   0.0262
 5363   0.0266
 5364   0.0265
 5366   0.0263
 5368   0.0261
 5370   0.0261
 5372   0.0260
 5373   0.0258
 5375   0.0257
 5377   0.0260
 5379   0.0255
 5381   0.0254
 5382   0.0250
 5384   0.0250
 5386   0.0251
 5388   0.0248
 5390   0.0246
 5391   0.0245
 5393   0.0244
 5395   0.0245
 5397   0.0249
 5399   0.0244
 5400   0.0243
 5402   0.0243
 5404   0.0247
 5406   0.0240
 5408   0.0242
 5409   0.0245
 5411   0.0241
 5413   0.0244
 5415   0.0246
 5417   0.0242
 5418   0.0246
 5420   0.0245
 5422   0.0248
 5424   0.0252
 5426   0.0248
 5427   0.0247
 5429   0.0248
 5431   0.0250
 5433   0.0254
 5435   0.0250
 5436   0.0253
 5438   0.0257
 5440   0.0255
 5442   0.0260
 5444   0.0260
 5445   0.0258
 5447   0.0261
 5449   0.0261
 5451   0.0263
 5453   0.0260
 5454   0.0268
 5456   0.0261
 5458   0.0265
 5460   0.0267
 5462   0.0269
 5463   0.0269
 5465   0.0270
 5467   0.0271
 5469   0.0268
 5471   0.0268
 5472   0.0273
 5474   0.0271
 5476   0.0266
 5478   0.0270
 5480   0.0269
 5481   0.0271
 5483   0.0270
 5485   0.0268
 5487   0.0266
 5489   0.0272
 5490   0.0271
 5492   0.0272
 5494   0.0269
 5496   0.0272
 5498   0.0271
 5499   0.0269
 5501   0.0272
 5503   0.0269
 5505   0.0269
 5507   0.0269
 5508   0.0270
 5510   0.0267
 5512   0.0269
 5514   0.0268
 5516   0.0268
 5517   0.0271
 5519   0.0270
 5521   0.0269
 5523   0.0267
 5525   0.0267
 5526   0.0268
 5528   0.0274
 5530   0.0272
 5532   0.0270
 5534   0.0263
 5535   0.0268
 5537   0.0270
 5539   0.0268
 5541   0.0271
 5543   0.0267
 5544   0.0264
 5546   0.0270
 5548   0.0267
 5550   0.0264
 5552   0.0267
 5553   0.0265
 5555   0.0266
 5557   0.0256
 5559   0.0267
 5561   0.0268
 5562   0.0268
 5564   0.0265
 5566   0.0264
 5568   0.0270
 5570   0.0265
 5571   0.0267
 5573   0.0267
 5575   0.0265
 5577   0.0268
 5579   0.0268
 5580   0.0266
 5582   0.0267
 5584   0.0272
 5586   0.0268
 5588   0.0271
 5589   0.0273
 5591   0.0267
 5593   0.0269
 5595   0.0269
 5597   0.0269
 5598   0.0268
 5600   0.0273
 5602   0.0267
 5604   0.0270
 5606   0.0272
 5607   0.0271
 5609   0.0270
 5611   0.0270
 5613   0.0269
 5615   0.0270
 5616   0.0266
 5618   0.0268
 5620   0.0265
 5622   0.0273
 5624   0.0267
 5625   0.0270
 5627   0.0267
 5629   0.0269
 5631   0.0268
 5633   0.0272
 5634   0.0269
 5636   0.0271
 5638   0.0266
 5640   0.0271
 5642   0.0268
 5643   0.0269
 5645   0.0268
 5647   0.0268
 5649   0.0272
 5651   0.0266
 5652   0.0267
 5654   0.0270
 5656   0.0267
 5658   0.0275
 5660   0.0268
 5661   0.0270
 5663   0.0265
 5665   0.0266
 5667   0.0264
 5669   0.0266
 5670   0.0267
 5672   0.0269
 5674   0.0267
 5676   0.0271
 5678   0.0268
 5679   0.0269
 5681   0.0268
 5683   0.0266
 5685   0.0265
 5687   0.0270
 5688   0.0266
 5690   0.0268
 5692   0.0265
 5694   0.0265
 5696   0.0270
 5697   0.0269
 5699   0.0268
 5701   0.0268
 5703   0.0266
 5705   0.0266
 5706   0.0269
 5708   0.0268
 5710   0.0268
 5712   0.0265
 5714   0.0264
 5715   0.0268
 5717   0.0263
 5719   0.0270
 5721   0.0263
 5723   0.0264
 5724   0.0267
 5726   0.0268
 5728   0.0267
 5730   0.0265
 5732   0.0269
 5733   0.0272
 5735   0.0270
 5737   0.0270
 5739   0.0270
 5741   0.0267
 5742   0.0268
 5744   0.0266
 5746   0.0269
 5748   0.0266
 5750   0.0266
 5751   0.0269
 5753   0.0266
 5755   0.0264
 5757   0.0262
 5759   0.0262
 5760   0.0262
 5762   0.0263
 5764   0.0260
 5766   0.0262
 5768   0.0261
 5769   0.0260
 5771   0.0262
 5773   0.0262
 5775   0.0259
 5777   0.0262
 5778   0.0259
 5780   0.0262
 5782   0.0265
 5784   0.0263
 5786   0.0260
 5787   0.0259
 5789   0.0263
 5791   0.0266
 5793   0.0266
 5795   0.0262
 5796   0.0266
 5798   0.0266
 5800   0.0267
 5802   0.0264
 5804   0.0266
 5805   0.0269
 5807   0.0267
 5809   0.0268
 5811   0.0266
 5813   0.0266
 5814   0.0273
 5816   0.0269
 5818   0.0267
 5820   0.0264
 5822   0.0264
 5823   0.0267
 5825   0.0270
 5827   0.0267
 5829   0.0272
 5831   0.0265
 5832   0.0268
 5834   0.0265
 5836   0.0270
 5838   0.0265
 5840   0.0267
 5841   0.0267
 5843   0.0270
 5845   0.0268
 5847   0.0269
 5849   0.0268
 5850   0.0270
 5852   0.0270
 5854   0.0268
 5856   0.0271
 5858   0.0265
 5859   0.0267
 5861   0.0270
 5863   0.0270
 5865   0.0269
 5867   0.0268
 5868   0.0269
 5870   0.0270
 5872   0.0267
 5874   0.0266
 5876   0.0271
 5877   0.0269
 5879   0.0271
 5881   0.0271
 5883   0.0270
 5885   0.0274
 5886   0.0271
 5888   0.0267
 5890   0.0268
 5892   0.0268
 5894   0.0270
 5895   0.0270
 5897   0.0273
 5899   0.0270
 5901   0.0264
 5903   0.0265
 5904   0.0271
 5906   0.0271
 5908   0.0272
 5910   0.0269
 5912   0.0265
 5913   0.0271
 5915   0.0268
 5917   0.0266
 5919   0.0268
 5921   0.0270
 5922   0.0267
 5924   0.0266
 5926   0.0267
 5928   0.0271
 5930   0.0265
 5931   0.0265
 5933   0.0269
 5935   0.0262
 5937   0.0265
 5939   0.0259
 5940   0.0265
 5942   0.0265
 5944   0.0258
 5946   0.0258
 5948   0.0258
 5949   0.0257
 5951   0.0258
 5953   0.0254
 5955   0.0255
 5957   0.0252
 5958   0.0251
 5960   0.0250
 5962   0.0243
 5964   0.0239
 5966   0.0245
 5967   0.0235
 5969   0.0235
 5971   0.0236
 5973   0.0234
 5975   0.0232
 5976   0.0233
 5978   0.0229
 5980   0.0225
 5982   0.0223
 5984   0.0223
 5985   0.0223
 5987   0.0222
 5989   0.0219
 5991   0.0222
 5993   0.0222
 5994   0.0224
 5996   0.0225
 5998   0.0226
 6000   0.0225
 6002   0.0226
 6003   0.0227
 6005   0.0228
 6007   0.0233
 6009   0.0231
 6011   0.0237
 6012   0.0233
 6014   0.0235
 6016   0.0238
 6018   0.0237
 6020   0.0242
 6021   0.0242
 6023   0.0245
 6025   0.0245
 6027   0.0241
 6029   0.0247
 6030   0.0246
 6032   0.0249
 6034   0.0250
 6036   0.0250
 6038   0.0248
 6039   0.0248
 6041   0.0253
 6043   0.0249
 6045   0.0254
 6047   0.0255
 6048   0.0251
 6050   0.0255
 6052   0.0253
 6054   0.0252
 6056   0.0254
 6057   0.0254
 6059   0.0256
 6061   0.0253
 6063   0.0254
 6065   0.0249
 6066   0.0255
 6068   0.0254
 6070   0.0254
 6072   0.0254
 6074   0.0258
 6075   0.0253
 6077   0.0259
 6079   0.0254
 6081   0.0255
 6083   0.0257
 6084   0.0253
 6086   0.0253
 6088   0.0259
 6090   0.0254
 6092   0.0255
 6093   0.0252
 6095   0.0255
 6097   0.0253
 6099   0.0250
 6101   0.0255
 6102   0.0254
 6104   0.0250
 6106   0.0253
 6108   0.0256
 6110   0.0255
 6111   0.0257
 6113   0.0258
 6115   0.0253
 6117   0.0255
 6119   0.0250
 6120   0.0255
 6122   0.0254
 6124   0.0254
 6126   0.0253
 6128   0.0254
 6129   0.0252
 6131   0.0251
 6133   0.0253
 6135   0.0252
 6137   0.0254
 6138   0.0254
 6140   0.0252
 6142   0.0251
 6144   0.0252
 6146   0.0252
 6147   0.0251
 6149   0.0253
 6151   0.0250
 6153   0.0248
 6155   0.0251
 6156   0.0250
 6158   0.0246
 6160   0.0250
 6162   0.0248
 6164   0.0250
 6165   0.0247
 6167   0.0249
 6169   0.0245
 6171   0.0249
 6173   0.0244
 6174   0.0243
 6176   0.0241
 6178   0.0243
 6180   0.0244
 6182   0.0238
 6183   0.0245
 6185   0.0241
 6187   0.0244
 6189   0.0239
 6191   0.0240
 6192   0.0236
 6194   0.0238
 6196   0.0232
 6198   0.0234
 6200   0.0229
 6201   0.0227
 6203   0.0227
 6205   0.0220
 6207   0.0221
 6209   0.0222
 6210   0.0211
 6212   0.0210
 6214   0.0203
 6216   0.0204
 6218   0.0195
 6219   0.0196
 6221   0.0184
 6223   0.0181
 6225   0.0178
 6227   0.0169
 6228   0.0163
 6230   0.0157
 6232   0.0153
 6234   0.0147
 6236   0.0147
 6237   0.0140
 6239   0.0140
 6241   0.0141
 6243   0.0142
 6245   0.0149
 6246   0.0150
 6248   0.0153
 6250   0.0158
 6252   0.0163
 6254   0.0167
 6255   0.0174
 6257   0.0185
 6259   0.0187
 6261   0.0195
 6263   0.0196
 6264   0.0198
 6266   0.0204
 6268   0.0210
 6270   0.0212
 6272   0.0207
 6273   0.0216
 6275   0.0215
 6277   0.0221
 6279   0.0225
 6281   0.0223
 6282   0.0228
 6284   0.0228
 6286   0.0227
 6288   0.0228
 6290   0.0227
 6291   0.0234
 6293   0.0231
 6295   0.0233
 6297   0.0235
 6299   0.0232
 6300   0.0230
 6302   0.0232
 6304   0.0232
 6306   0.0233
 6308   0.0235
 6309   0.0234
 6311   0.0235
 6313   0.0239
 6315   0.0236
 6317   0.0236
 6318   0.0239
 6320   0.0238
 6322   0.0239
 6324   0.0236
 6326   0.0238
 6327   0.0238
 6329   0.0240
 6331   0.0237
 6333   0.0239
 6335   0.0241
 6336   0.0239
 6338   0.0239
 6340   0.0238
 6342   0.0243
 6344   0.0237
 6345   0.0242
 6347   0.0240
 6349   0.0238
 6351   0.0241
 6353   0.0237
 6354   0.0237
 6356   0.0239
 6358   0.0239
 6360   0.0236
 6362   0.0237
 6363   0.0237
 6365   0.0240
 6367   0.0235
 6369   0.0234
 6371   0.0238
 6372   0.0236
 6374   0.0240
 6376   0.0236
 6378   0.0236
 6380   0.0230
 6381   0.0235
 6383   0.0233
 6385   0.0231
 6387   0.0232
 6389   0.0231
 6390   0.0227
 6392   0.0229
 6394   0.0230
 6396   0.0228
 6398   0.0230
 6399   0.0221
 6401   0.0219
 6403   0.0219
 6405   0.0214
 6407   0.0212
 6408   0.0207
 6410   0.0201
 6412   0.0194
 6414   0.0188
 6416   0.0178
 6417   0.0166
 6419   0.0149
 6421   0.0125
 6423   0.0101
 6425   0.0074
 6426   0.0029
 6428   0.0021
 6430   0.0085
 6432   0.0146
 6434   0.0221
 6435   0.0266
 6437   0.0283
 6439   0.0265
 6441   0.0205
 6443   0.0131
 6444   0.0047
 6446   0.0011
 6448   0.0067
 6450   0.0109
 6452   0.0134
 6453   0.0163
 6455   0.0182
 6457   0.0192
 6459   0.0201
 6461   0.0210
 6462   0.0219
 6464   0.0223
 6466   0.0232
 6468   0.0231
 6470   0.0235
 6471   0.0238
 6473   0.0241
 6475   0.0246
 6477   0.0249
 6479   0.0247
 6480   0.0250
 6482   0.0247
 6484   0.0250
 6486   0.0251
 6488   0.0251
 6489   0.0252
 6491   0.0259
 6493   0.0256
 6495   0.0260
 6497   0.0258
 6498   0.0258
 6500   0.0263
 6502   0.0260
 6504   0.0255
 6506   0.0265
 6507   0.0261
 6509   0.0259
 6511   0.0265
 6513   0.0262
 6515   0.0264
 6516   0.0268
 6518   0.0264
 6520   0.0265
 6522   0.0266
 6524   0.0266
 6525   0.0271
 6527   0.0270
 6529   0.0269
 6531   0.0272
 6533   0.0270
 6534   0.0270
 6536   0.0272
 6538   0.0268
 6540   0.0272
 6542   0.0271
 6543   0.0271
 6545   0.0275
 6547   0.0270
 6549   0.0272
 6551   0.0272
 6552   0.0273
 6554   0.0274
 6556   0.0272
 6558   0.0275
 6560   0.0277
 6561   0.0275
 6563   0.0275
 6565   0.0276
 6567   0.0280
 6569   0.0277
 6570   0.0278
 6572   0.0278
 6574   0.0277
 6576   0.0277
 6578   0.0280
 6579   0.0276
 6581   0.0276
 6583   0.0280
 6585   0.0281
 6587   0.0278
 6588   0.0276
 6590   0.0278
 6592   0.0278
 6594   0.0282
 6596   0.0284
 6597   0.0280
 6599   0.0284
 6601   0.0281
 6603   0.0282
 6605   0.0281
 6606   0.0281
 6608   0.0282
 6610   0.0286
 6612   0.0280
 6614   0.0283
 6615   0.0282
 6617   0.0289
 6619   0.0286
 6621   0.0282
 6623   0.0285
 6624   0.0287
 6626   0.0283
 6628   0.0288
 6630   0.0281
 6632   0.0289
 6633   0.0287
 6635   0.0285
 6637   0.0288
 6639   0.0283
 6641   0.0287
 6642   0.0287
 6644   0.0283
 6646   0.0287
 6648   0.0287
 6650   0.0286
 6651   0.0289
 6653   0.0288
 6655   0.0286
 6657   0.0290
 6659   0.0291
 6660   0.0288
 6662   0.0285
 6664   0.0284
 6666   0.0289
 6668   0.0287
 6669   0.0287
 6671   0.0288
 6673   0.0289
 6675   0.0288
 6677   0.0287
 6678   0.0286
 6680   0.0286
 6682   0.0289
 6684   0.0289
 6686   0.0291
 6687   0.0291
 6689   0.0287
 6691   0.0291
 6693   0.0291
 6695   0.0289
 6696   0.0289
 6698   0.0293
 6700   0.0293
 6702   0.0294
 6704   0.0293
 6705   0.0292
 6707   0.0288
 6709   0.0291
 6711   0.0290
 6713   0.0289
 6714   0.0289
 6716   0.0289
 6718   0.0292
 6720   0.0291
 6722   0.0290
 6723   0.0288
 6725   0.0289
 6727   0.0292
 6729   0.0292
 6731   0.0291
 6732   0.0287
 6734   0.0290
 6736   0.0286
 6738   0.0289
 6740   0.0289
 6741   0.0289
 6743   0.0292
 6745   0.0294
 6747   0.0291
 6749   0.0291
 6750   0.0285
 6752   0.0291
 6754   0.0290
 6756   0.0287
 6758   0.0288
 6759   0.0288
 6761   0.0290
 6763   0.0288
 6765   0.0286
 6767   0.0289
 6768   0.0283
 6770   0.0285
 6772   0.0284
 6774   0.0288
 6776   0.0281
 6777   0.0282
 6779   0.0286
 6781   0.0285
 6783   0.0287
 6785   0.0280
 6786   0.0281
 6788   0.0280
 6790   0.0281
 6792   0.0278
 6794   0.0278
 6795   0.0274
 6797   0.0275
 6799   0.0272
 6801   0.0275
 6803   0.0271
 6804   0.0270
 6806   0.0269
 6808   0.0263
 6810   0.0264
 6812   0.0263
 6813   0.0260
 6815   0.0252
 6817   0.0255
 6819   0.0254
 6821   0.0252
 6822   0.0250
 6824   0.0245
 6826   0.0244
 6828   0.0241
 6830   0.0238
 6831   0.0238
 6833   0.0236
 6835   0.0233
 6837   0.0234
 6839   0.0228
 6840   0.0234
 6842   0.0227
 6844   0.0234
 6846   0.0233
 6848   0.0232
 6849   0.0233
 6851   0.0231
 6853   0.0235
 6855   0.0231
 6857   0.0229
 6858   0.0238
 6860   0.0235
 6862   0.0240
 6864   0.0237
 6866   0.0240
 6867   0.0241
 6869   0.0241
 6871   0.0241
 6873   0.0243
 6875   0.0252
 6876   0.0253
 6878   0.0250
 6880   0.0253
 6882   0.0248
 6884   0.0253
 6885   0.0253
 6887   0.0255
 6889   0.0257
 6891   0.0260
 6893   0.0262
 6894   0.0259
 6896   0.0261
 6898   0.0255
 6900   0.0257
 6902   0.0256
 6903   0.0261
 6905   0.0258
 6907   0.0258
 6909   0.0262
 6911   0.0261
 6912   0.0263
 6914   0.0262
 6916   0.0259
 6918   0.0263
 6920   0.0263
 6921   0.0262
 6923   0.0259
 6925   0.0265
 6927   0.0262
 6929   0.0261
 6930   0.0263
 6932   0.0259
 6934   0.0260
 6936   0.0263
 6938   0.0260
 6939   0.0260
 6941   0.0258
 6943   0.0255
 6945   0.0258
 6947   0.0257
 6948   0.0254
 6950   0.0252
 6952   0.0255
 6954   0.0261
 6956   0.0257
 6957   0.0253
 6959   0.0251
 6961   0.0254
 6963   0.0253
 6965   0.0252
 6966   0.0254
 6968   0.0255
 6970   0.0249
 6972   0.0248
 6974   0.0249
 6975   0.0248
 6977   0.0248
 6979   0.0254
 6981   0.0244
 6983   0.0240
 6984   0.0246
 6986   0.0249
 6988   0.0242
 6990   0.0242
 6992   0.0239
 6993   0.0239
 6995   0.0243
 6997   0.0243
 6999   0.0248
 7001   0.0241
 7002   0.0242
 7004   0.0244
 7006   0.0241
 7008   0.0243
 7010   0.0242
 7011   0.0247
 7013   0.0244
 7015   0.0241
 7017   0.0247
 7019   0.0240
 7020   0.0246
 7022   0.0249
 7024   0.0251
 7026   0.0249
 7028   0.0252
 7029   0.0250
 7031   0.0250
 7033   0.0251
 7035   0.0254
 7037   0.0257
 7038   0.0255
 7040   0.0257
 7042   0.0255
 7044   0.0258
 7046   0.0261
 7047   0.0264
 7049   0.0261
 7051   0.0266
 7053   0.0268
 7055   0.0266
 7056   0.0273
 7058   0.0265
 7060   0.0270
 7062   0.0264
 7064   0.0269
 7065   0.0270
 7067   0.0269
 7069   0.0273
 7071   0.0277
 7073   0.0270
 7074   0.0272
 7076   0.0271
 7078   0.0275
 7080   0.0276
 7082   0.0279
 7083   0.0272
 7085   0.0277
 7087   0.0281
 7089   0.0280
 7091   0.0275
 7092   0.0279
 7094   0.0283
 7096   0.0277
 7098   0.0278
 7100   0.0277
 7101   0.0280
 7103   0.0283
 7105   0.0286
 7107   0.0279
 7109   0.0282
 7110   0.0282
 7112   0.0286
 7114   0.0279
 7116   0.0282
 7118   0.0282
 7119   0.0282
 7121   0.0276
 7123   0.0287
 7125   0.0276
 7127   0.0281
 7128   0.0283
 7130   0.0282
 7132   0.0278
 7134   0.0287
 7136   0.0285
 7137   0.0281
 7139   0.0288
 7141   0.0281
 7143   0.0288
 7145   0.0284
 7146   0.0289
 7148   0.0290
 7150   0.0281
 7152   0.0284
 7154   0.0288
 7155   0.0283
 7157   0.0284
 7159   0.0287
 7161   0.0278
 7163   0.0283
 7164   0.0285
 7166   0.0291
 7168   0.0290
 7170   0.0283
 7172   0.0288
 7173   0.0283
 7175   0.0279
 7177   0.0290
 7179   0.0283
 7181   0.0285
 7182   0.0284
 7184   0.0287
 7186   0.0276
 7188   0.0288
 7190   0.0285
 7191   0.0291
 7193   0.0291
 7195   0.0279
 7197   0.0279
 7199   0.0288
 7200   0.0279
 7202   0.0285
 7204   0.0281
 7206   0.0281
 7208   0.0284
 7209   0.0283
 7211   0.0282
 7213   0.0288
 7215   0.0282
 7217   0.0284
 7218   0.0284
 7220   0.0286
 7222   0.0288
 7224   0.0288
 7226   0.0287
 7227   0.0288
 7229   0.0284
 7231   0.0286
 7233   0.0285
 7235   0.0283
 7236   0.0282
 7238   0.0287
 7240   0.0285
 7242   0.0288
 7244   0.0280
 7245   0.0280
 7247   0.0281
 7249   0.0279
 7251   0.0276
 7253   0.0287
 7254   0.0282
 7256   0.0283
 7258   0.0291
 7260   0.0287
 7262   0.0285
 7263   0.0277
 7265   0.0288
 7267   0.0282
 7269   0.0283
 7271   0.0284
 7272   0.0286
 7274   0.0277
 7276   0.0282
 7278   0.0283
 7280   0.0293
 7281   0.0285
 7283   0.0281
 7285   0.0287
 7287   0.0282
 7289   0.0288
 7290   0.0284
 7292   0.0280
 7294   0.0284
 7296   0.0281
 7298   0.0281
 7299   0.0284
 7301   0.0286
 7303   0.0277
 7305   0.0287
 7307   0.0281
 7308   0.0288
 7310   0.0279
 7312   0.0282
 7314   0.0282
 7316   0.0286
 7317   0.0283
 7319   0.0283
 7321   0.0274
 7323   0.0282
 7325   0.0283
 7326   0.0287
 7328   0.0280
 7330   0.0281
 7332   0.0282
 7334   0.0286
 7335   0.0286
 7337   0.0284
 7339   0.0286
 7341   0.0277
 7343   0.0283
 7344   0.0286
 7346   0.0283
 7348   0.0284
 7350   0.0289
 7352   0.0288
 7353   0.0282
 7355   0.0284
 7357   0.0283
 7359   0.0282
 7361   0.0282
 7362   0.0283
 7364   0.0286
 7366   0.0283
 7368   0.0285
 7370   0.0284
 7371   0.0282
 7373   0.0281
 7375   0.0276
 7377   0.0291
 7379   0.0286
 7380   0.0285
 7382   0.0284
 7384   0.0278
 7386   0.0287
 7388   0.0283
 7389   0.0287
 7391   0.0286
 7393   0.0282
 7395   0.0284
 7397   0.0286
 7398   0.0283
 7400   0.0284
 7402   0.0282
 7404   0.0283
 7406   0.0286
 7407   0.0283
 7409   0.0283
 7411   0.0282
 7413   0.0282
 7415   0.0279
 7416   0.0281
 7418   0.0285
 7420   0.0287
 7422   0.0288
 7424   0.0285
 7425   0.0281
 7427   0.0285
 7429   0.0287
 7431   0.0275
 7433   0.0286
 7434   0.0279
 7436   0.0276
 7438   0.0280
 7440   0.0285
 7442   0.0279
 7443   0.0279
 7445   0.0284
 7447   0.0282
 7449   0.0287
 7451   0.0278
 7452   0.0280
 7454   0.0282
 7456   0.0279
 7458   0.0283
 7460   0.0279
 7461   0.0287
 7463   0.0284
 7465   0.0277
 7467   0.0282
 7469   0.0279
 7470   0.0279
 7472   0.0280
 7474   0.0275
 7476   0.0279
 7478   0.0284
 7479   0.0284
 7481   0.0283
 7483   0.0279
 7485   0.0278
 7487   0.0287
 7488   0.0285
 7490   0.0281
 7492   0.0274
 7494   0.0276
 7496   0.0284
 7497   0.0283
 7499   0.0275
 7501   0.0280
 7503   0.0281
 7505   0.0279
 7506   0.0283
 7508   0.0280
 7510   0.0274
 7512   0.0276
 7514   0.0278
 7515   0.0276
 7517   0.0274
 7519   0.0281
 7521   0.0280
 7523   0.0284
 7524   0.0278
 7526   0.0280
 7528   0.0272
 7530   0.0275
 7532   0.0280
 7533   0.0277
 7535   0.0268
 7537   0.0275
 7539   0.0278
 7541   0.0279
 7542   0.0267
 7544   0.0277
 7546   0.0276
 7548   0.0270
 7550   0.0279
 7551   0.0272
 7553   0.0272
 7555   0.0279
 7557   0.0275
 7559   0.0276
 7560   0.0277
 7562   0.0284
 7564   0.0272
 7566   0.0271
 7568   0.0266
 7569   0.0275
 7571   0.0270
 7573   0.0274
 7575   0.0272
 7577   0.0271
 7578   0.0271
 7580   0.0266
 7582   0.0261
 7584   0.0269
 7586   0.0266
 7587   0.0271
 7589   0.0269
 7591   0.0270
 7593   0.0267
 7595   0.0265
 7596   0.0275
 7598   0.0266
 7600   0.0265
 7602   0.0263
 7604   0.0261
 7605   0.0273
 7607   0.0262
 7609   0.0269
 7611   0.0262
 7613   0.0261
 7614   0.0259
 7616   0.0259
 7618   0.0258
 7620   0.0252
 7622   0.0259
 7623   0.0258
 7625   0.0253
 7627   0.0256
 7629   0.0238
 7631   0.0246
 7632   0.0247
 7634   0.0235
 7636   0.0244
 7638   0.0242
 7640   0.0241
 7641   0.0239
 7643   0.0237
 7645   0.0235
 7647   0.0228
 7649   0.0234
 7650   0.0225
 7652   0.0222
 7654   0.0221
 7656   0.0221
 7658   0.0217
 7659   0.0221
 7661   0.0209
 7663   0.0213
 7665   0.0219
 7667   0.0204
 7668   0.0200
 7670   0.0195
 7672   0.0186
 7674   0.0184
 7676   0.0184
 7677   0.0176
 7679   0.0169
 7681   0.0168
 7683   0.0176
 7685   0.0158
 7686   0.0153
 7688   0.0163
 7690   0.0140
 7692   0.0135
 7694   0.0136
 7695   0.0131
 7697   0.0113
 7699   0.0102
 7701   0.0104
 7703   0.0098
 7704   0.0076
 7706   0.0079
 7708   0.0062
 7710   0.0064
 7712   0.0052
 7713   0.0053
 7715   0.0038
 7717   0.0041
 7719   0.0021
 7721   0.0025
 7722   0.0020
 7724   0.0003
 7726   0.0003
 7728   0.0003
 7730   0.0002
 7731   0.0012
 7733   0.0019
 7735   0.0016
 7737   0.0012
 7739   0.0013
 7740   0.0022
 7742   0.0016
 7744   0.0016
 7746   0.0009
 7748   0.0021
 7749   0.0021
 7751   0.0030
 7753   0.0017
 7755   0.0009
 7757   0.0012
 7758   0.0006
 7760   0.0002
 7762   0.0004
 7764   0.0004
 7766   0.0010
 7767   0.0011
 7769   0.0016
 7771   0.0007
 7773   0.0019
 7775   0.0012
 7776   0.0026
 7778   0.0022
 7780   0.0035
 7782   0.0044
 7784   0.0043
 7785   0.0046
 7787   0.0047
 7789   0.0055
 7791   0.0042
 7793   0.0052
 7794   0.0051
 7796   0.0047
 7798   0.0065
 7800   0.0062
 7802   0.0069
 7803   0.0064
 7805   0.0058
 7807   0.0062
 7809   0.0075
 7811   0.0067
 7812   0.0079
 7814   0.0071
 7816   0.0085
 7818   0.0075
 7820   0.0083
 7821   0.0090
 7823   0.0081
 7825   0.0084
 7827   0.0087
 7829   0.0082
 7830   0.0090
 7832   0.0085
 7834   0.0091
 7836   0.0082
 7838   0.0086
 7839   0.0096
 7841   0.0088
 7843   0.0094
 7845   0.0096
 7847   0.0085
 7848   0.0094
 7850   0.0089
 7852   0.0094
 7854   0.0083
 7856   0.0083
 7857   0.0083
 7859   0.0086
 7861   0.0073
 7863   0.0086
 7865   0.0084
 7866   0.0080
 7868   0.0090
 7870   0.0081
 7872   0.0082
 7874   0.0080
 7875   0.0086
 7877   0.0078
 7879   0.0081
 7881   0.0074
 7883   0.0083
 7884   0.0081
 7886   0.0077
 7888   0.0071
 7890   0.0077
 7892   0.0071
 7893   0.0068
 7895   0.0067
 7897   0.0067
 7899   0.0063
 7901   0.0052
 7902   0.0072
 7904   0.0046
 7906   0.0058
 7908   0.0054
 7910   0.0049
 7911   0.0056
 7913   0.0048
 7915   0.0040
 7917   0.0042
 7919   0.0027
 7920   0.0038
 7922   0.0039
 7924   0.0025
 7926   0.0018
 7928   0.0008
 7929   0.0017
 7931   0.0005
 7933   0.0012
 7935   0.0006
 7937   0.0015
 7938   0.0011
 7940   0.0007
 7942   0.0014
 7944   0.0005
 7946   0.0034
 7947   0.0025
 7949   0.0045
 7951   0.0037
 7953   0.0050
 7955   0.0053
 7956   0.0056
 7958   0.0069
 7960   0.0064
 7962   0.0071
 7964   0.0093
 7965   0.0083
 7967   0.0094
 7969   0.0101
 7971   0.0116
 7973   0.0127
 7974   0.0128
 7976   0.0147
 7978   0.0163
 7980   0.0152
 7982   0.0169
 7983   0.0190
 7985   0.0177
 7987   0.0197
 7989   0.0203
 7991   0.0216
 7992   0.0226
 7994   0.0241
 7996   0.0276
 7998   0.0274
 8000   0.0274
 8001   0.0281
 8003   0.0301
 8005   0.0315
 8007   0.0345
 8009   0.0348
 8010   0.0389
 8012   0.0393
 8014   0.0408
 8016   0.0409
 8018   0.0425
 8019   0.0472
 8021   0.0454
 8023   0.0512
 8025   0.0535
 8027   0.0545
 8028   0.0568
 8030   0.0605
 8032   0.0619
 8034   0.0649
 8036   0.0673
 8037   0.0698
 8039   0.0747
 8041   0.0776
 8043   0.0797
 8045   0.0843
 8046   0.0883
 8048   0.0890
 8050   0.0942
 8052   0.0971
 8054   0.1000
 8055   0.1066
 8057   0.1090
 8059   0.1146
 8061   0.1198
 8063   0.1250
 8064   0.1295
 8066   0.1329
 8068   0.1400
 8070   0.1466
 8072   0.1523
 8073   0.1612
 8075   0.1652
 8077   0.1704
 8079   0.1793
 8081   0.1867
 8082   0.1991
 8084   0.2014
 8086   0.2119
 8088   0.2215
 8090   0.2289
 8091   0.2428
 8093   0.2509
 8095   0.2629
 8097   0.2726
 8099   0.2823
 8100   0.2986
 8102   0.3114
 8104   0.3219
 8106   0.3423
 8108   0.3544
 8109   0.3690
 8111   0.3830
 8113   0.4023
 8115   0.4180
 8117   0.4420
 8118   0.4594
 8120   0.4835
 8122   0.5071
 8124   0.5296
 8126   0.5565
 8127   0.5782
 8129   0.6095
 8131   0.6392
 8133   0.6638
 8135   0.6977
 8136   0.7323
 8138   0.7733
 8140   0.8063
 8142   0.8397
 8144   0.8835
 8145   0.9301
 8147   0.9809
 8149   1.0376
 8151   1.0860
 8153   1.1396
 8154   1.1925
 8156   1.2592
 8158   1.3310
 8160   1.3995
 8162   1.4640
 8163   1.5476
 8165   1.6322
 8167   1.7307
 8169   1.8256
 8171   1.9319
 8172   2.0256
 8174   2.1429
 8176   2.2654
 8178   2.3849
 8180   2.5411
 8181   2.6796
 8183   2.8336
 8185   2.9919
 8187   3.1683
 8189   3.3652
 8190   3.5734
 8192   3.7849
 8194   4.0040
 8196   4.2490
 8198   4.5086
 8199   9.9884
 8201  10.5726
 8203  11.2344
 8205  11.8820
 8207  12.7595
 8208  13.4277
 8210  14.1986
 8212  14.9786
 8214  15.9018
 8216  16.9207
 8217  17.6988
 8219  18.6834
 8221  19.6200
 8223  20.8818
 8225  22.1439
 8226  23.1468
 8228  24.3613
 8230  25.4156
 8232  26.8366
 8234  28.1804
 8235  29.4026
 8237  30.8010
 8239  32.0886
 8241  33.9069
 8243  35.2996
 8244  36.7687
 8246  38.3026
 8248  39.7838
 8250  41.6288
 8252  42.9935
 8253  44.6033
 8255  46.1546
 8257  47.9541
 8259  49.9832
 8261  51.3720
 8262  53.0465
 8264  54.6373
 8266  56.4410
 8268  58.2313
 8270  59.7496
 8271  61.4174
 8273  62.8058
 8275  64.8215
 8277  66.4759
 8279  67.9926
 8280  69.5770
 8282  70.8839
 8284  72.6722
 8286  74.0334
 8288  75.3804
 8289  76.7717
 8291  78.0885
 8293  79.7128
 8295  80.8020
 8297  81.9948
 8298  83.1180
 8300  84.2992
 8302  85.4672
 8304  86.3558
 8306  87.3115
 8307  88.1511
 8309  89.1860
 8311  90.0922
 8313  90.7677
 8315  91.5212
 8316  92.0996
 8318  92.8256
 8320  93.4094
 8322  93.9150
 8324  94.4164
 8325  94.8379
 8327  95.3423
 8329  95.7128
 8331  96.0359
 8333  96.3339
 8334  96.6055
 8336  96.8900
 8338  97.0670
 8340  97.2625
 8342  97.4070
 8343  97.5610
 8345  97.7096
 8347  97.7949
 8349  97.8823
 8351  97.9426
 8352  98.0107
 8354  98.0606
 8356  98.0892
 8358  98.1202
 8360  98.1420
 8361  98.1658
 8363  98.1853
 8365  98.1868
 8367  98.2029
 8369  98.2170
 8370  98.2192
 8372  98.2292
 8374  98.2384
 8376  98.2501
 8378  98.2581
 8379  98.2722
 8381  98.2988
 8383  98.3143
 8385  98.3316
 8387  98.3581
 8388  98.3805
 8390  98.4146
 8392  98.4344
 8394  98.4640
 8396  98.5016
 8397  98.5447
 8399  98.5723
 8401  98.6134
 8403  98.6467
 8405  98.6946
 8406  98.7280
 8408  98.7698
 8410  98.8083
 8412  98.8405
 8414  98.9034
 8415  98.9358
 8417  98.9656
 8419  99.0148
 8421  99.0531
 8423  99.0833
 8424  99.1174
 8426  99.1459
 8428  99.1924
 8430  99.2147
 8432  99.2491
 8433  99.2736
 8435  99.3027
 8437  99.3157
 8439  99.3479
 8441  99.3621
 8442  99.3817
 8444  99.3984
 8446  99.4001
 8448  99.4223
 8450  99.4347
 8451  99.4534
 8453  99.4545
 8455  99.4572
 8457  99.4647
 8459  99.4633
 8460  99.4638
 8462  99.4613
 8464  99.4605
 8466  99.4514
 8468  99.4572
 8469  99.4524
 8471  99.4470
 8473  99.4336
 8475  99.4310
 8477  99.4164
 8478  99.4079
 8480  99.3933
 8482  99.3919
 8484  99.3761
 8486  99.3675
 8487  99.3545
 8489  99.3448
 8491  99.3303
 8493  99.3189
 8495  99.3089
 8496  99.2941
 8498  99.2859
 8500  99.2676
 8502  99.2610
 8504  99.2413
 8505  99.2346
 8507  99.2325
 8509  99.2177
 8511  99.2034
 8513  99.2078
 8514  99.1915
 8516  99.1881
 8518  99.1758
 8520  99.1628
 8522  99.1676
 8523  99.1642
 8525  99.1590
 8527  99.1583
 8529  99.1621
 8531  99.1560
 8532  99.1551
 8534  99.1508
 8536  99.1530
 8538  99.1558
 8540  99.1525
 8541  99.1528
 8543  99.1553
 8545  99.1612
 8547  99.1660
 8549  99.1619
 8550  99.1728
 8552  99.1792
 8554  99.1755
 8556  99.1759
 8558  99.1843
 8559  99.1822
 8561  99.2031
 8563  99.2066
 8565  99.2141
 8567  99.2130
 8568  99.2233
 8570  99.2223
 8572  99.2347
 8574  99.2429
 8576  99.2399
 8577  99.2431
 8579  99.2516
 8581  99.2603
 8583  99.2579
 8585  99.2675
 8586  99.2667
 8588  99.2704
 8590  99.2798
 8592  99.2725
 8594  99.2782
 8595  99.2818
 8597  99.2787
 8599  99.2885
 8601  99.2793
 8603  99.2816
 8604  99.2821
 8606  99.2838
 8608  99.2815
 8610  99.2872
 8612  99.2819
 8613  99.2765
 8615  99.2758
 8617  99.2720
 8619  99.2636
 8621  99.2596
 8622  99.2570
 8624  99.2524
 8626  99.2401
 8628  99.2458
 8630  99.2228
 8631  99.2198
 8633  99.2294
 8635  99.2113
 8637  99.2061
 8639  99.2004
 8640  99.1896
 8642  99.1890
 8644  99.1736
 8646  99.1654
 8648  99.1579
 8649  99.1472
 8651  99.1409
 8653  99.1273
 8655  99.1100
 8657  99.1161
 8658  99.1060
 8660  99.0961
 8662  99.0893
 8664  99.0773
 8666  99.0652
 8667  99.0620
 8669  99.0497
 8671  99.0447
 8673  99.0296
 8675  99.0247
 8676  99.0140
 8678  99.0062
 8680  99.0036
 8682  98.9963
 8684  98.9844
 8685  98.9867
 8687  98.9721
 8689  98.9659
 8691  98.9624
 8693  98.9562
 8694  98.9610
 8696  98.9559
 8698  98.9557
 8700  98.9531
 8702  98.9482
 8703  98.9460
 8705  98.9425
 8707  98.9441
 8709  98.9454
 8711  98.9441
 8712  98.9463
 8714  98.9482
 8716  98.9408
 8718  98.9537
 8720  98.9558
 8721  98.9508
 8723  98.9602
 8725  98.9716
 8727  98.9683
 8729  98.9743
 8730  98.9765
 8732  98.9831
 8734  98.9895
 8736  98.9918
 8738  98.9961
 8739  99.0044
 8741  99.0217
 8743  99.0263
 8745  99.0279
 8747  99.0411
 8748  99.0429
 8750  99.0550
 8752  99.0659
 8754  99.0716
 8756  99.0847
 8757  99.0982
 8759  99.1092
 8761  99.1267
 8763  99.1385
 8765  99.1417
 8766  99.1570
 8768  99.1664
 8770  99.1780
 8772  99.1887
 8774  99.1961
 8775  99.2233
 8777  99.2161
 8779  99.2387
 8781  99.2572
 8783  99.2577
 8784  99.2744
 8786  99.2856
 8788  99.2952
 8790  99.3128
 8792  99.3172
 8793  99.3312
 8795  99.3409
 8797  99.3561
 8799  99.3702
 8801  99.3721
 8802  99.3778
 8804  99.3821
 8806  99.4049
 8808  99.4082
 8810  99.4203
 8811  99.4302
 8813  99.4335
 8815  99.4426
 8817  99.4520
 8819  99.4680
 8820  99.4630
 8822  99.4813
 8824  99.4851
 8826  99.4850
 8828  99.4947
 8829  99.5039
 8831  99.5053
 8833  99.5163
 8835  99.5107
 8837  99.5100
 8838  99.5164
 8840  99.5214
 8842  99.5251
 8844  99.5280
 8846  99.5315
 8847  99.5388
 8849  99.5346
 8851  99.5358
 8853  99.5324
 8855  99.5351
 8856  99.5414
 8858  99.5290
 8860  99.5404
 8862  99.5330
 8864  99.5369
 8865  99.5264
 8867  99.5201
 8869  99.5368
 8871  99.5317
 8873  99.5106
 8874  99.5094
 8876  99.5106
 8878  99.5122
 8880  99.5020
 8882  99.5011
 8883  99.4989
 8885  99.4948
 8887  99.4855
 8889  99.4740
 8891  99.4690
 8892  99.4760
 8894  99.4749
 8896  99.4582
 8898  99.4628
 8900  99.4508
 8901  99.4376
 8903  99.4424
 8905  99.4275
 8907  99.4185
 8909  99.4201
 8910  99.4112
 8912  99.4040
 8914  99.3911
 8916  99.3890
 8918  99.3900
 8919  99.3801
 8921  99.3762
 8923  99.3623
 8925  99.3606
 8927  99.3546
 8928  99.3508
 8930  99.3487
 8932  99.3290
 8934  99.3198
 8936  99.3347
 8937  99.3189
 8939  99.3126
 8941  99.3164
 8943  99.3094
 8945  99.3043
 8946  99.2990
 8948  99.2846
 8950  99.2920
 8952  99.2824
 8954  99.2801
 8955  99.2830
 8957  99.2754
 8959  99.2736
 8961  99.2626
 8963  99.2601
 8964  99.2631
 8966  99.2576
 8968  99.2603
 8970  99.2547
 8972  99.2591
 8973  99.2532
 8975  99.2506
 8977  99.2553
 8979  99.2506
 8981  99.2432
 8982  99.2511
 8984  99.2514
 8986  99.2482
 8988  99.2520
 8990  99.2554
 8991  99.2567
 8993  99.2563
 8995  99.2490
 8997  99.2520
 8999  99.2542
 9000  99.2452
 9002  99.2630
 9004  99.2634
 9006  99.2616
 9008  99.2697
 9009  99.2796
 9011  99.2736
 9013  99.2784
 9015  99.2925
 9017  99.2785
 9018  99.2913
 9020  99.2990
 9022  99.2951
 9024  99.2892
 9026  99.3022
 9027  99.3077
 9029  99.3079
 9031  99.3218
 9033  99.3224
 9035  99.3258
 9036  99.3317
 9038  99.3446
 9040  99.3451
 9042  99.3506
 9044  99.3631
 9045  99.3638
 9047  99.3668
 9049  99.3705
 9051  99.3774
 9053  99.3823
 9054  99.3911
 9056  99.4041
 9058  99.3949
 9060  99.3925
 9062  99.4134
 9063  99.4118
 9065  99.4263
 9067  99.4341
 9069  99.4333
 9071  99.4427
 9072  99.4438
 9074  99.4656
 9076  99.4709
 9078  99.4680
 9080  99.4765
 9081  99.4784
 9083  99.4826
 9085  99.4956
 9087  99.4989
 9089  99.5054
 9090  99.5074
 9092  99.5173
 9094  99.5246
 9096  99.5281
 9098  99.5352
 9099  99.5450
 9101  99.5490
 9103  99.5407
 9105  99.5496
 9107  99.5586
 9108  99.5630
 9110  99.5740
 9112  99.5738
 9114  99.5815
 9116  99.5896
 9117  99.5896
 9119  99.5975
 9121  99.6003
 9123  99.6068
 9125  99.6018
 9126  99.6143
 9128  99.6240
 9130  99.6092
 9132  99.6295
 9134  99.6442
 9135  99.6281
 9137  99.6372
 9139  99.6433
 9141  99.6497
 9143  99.6519
 9144  99.6541
 9146  99.6638
 9148  99.6597
 9150  99.6661
 9152  99.6702
 9153  99.6737
 9155  99.6715
 9157  99.6730
 9159  99.6869
 9161  99.6880
 9162  99.6821
 9164  99.6832
 9166  99.6901
 9168  99.6969
 9170  99.6956
 9171  99.6907
 9173  99.6974
 9175  99.7049
 9177  99.7084
 9179  99.7069
 9180  99.7118
 9182  99.7092
 9184  99.7042
 9186  99.7128
 9188  99.7164
 9189  99.7147
 9191  99.7234
 9193  99.7207
 9195  99.7245
 9197  99.7190
 9198  99.7169
 9200  99.7183
 9202  99.7303
 9204  99.7271
 9206  99.7204
 9207  99.7417
 9209  99.7384
 9211  99.7297
 9213  99.7351
 9215  99.7287
 9216  99.7347
 9218  99.7382
 9220  99.7309
 9222  99.7302
 9224  99.7417
 9225  99.7331
 9227  99.7268
 9229  99.7355
 9231  99.7307
 9233  99.7340
 9234  99.7302
 9236  99.7380
 9238  99.7400
 9240  99.7401
 9242  99.7331
 9243  99.7330
 9245  99.7322
 9247  99.7350
 9249  99.7332
 9251  99.7336
 9252  99.7398
 9254  99.7360
 9256  99.7264
 9258  99.7322
 9260  99.7338
 9261  99.7285
 9263  99.7330
 9265  99.7300
 9267  99.7311
 9269  99.7343
 9270  99.7227
 9272  99.7284
 9274  99.7267
 9276  99.7234
 9278  99.7236
 9279  99.7280
 9281  99.7108
 9283  99.7270
 9285  99.7220
 9287  99.7038
 9288  99.7094
 9290  99.7158
 9292  99.7062
 9294  99.6951
 9296  99.7052
 9297  99.7073
 9299  99.6989
 9301  99.7007
 9303  99.6956
 9305  99.6912
 9306  99.6811
 9308  99.6901
 9310  99.6878
 9312  99.6879
 9314  99.6756
 9315  99.6776
 9317  99.6731
 9319  99.6634
 9321  99.6716
 9323  99.6655
 9324  99.6623
 9326  99.6661
 9328  99.6599
 9330  99.6532
 9332  99.6540
 9333  99.6472
 9335  99.6484
 9337  99.6369
 9339  99.6394
 9341  99.6447
 9342  99.6409
 9344  99.6286
 9346  99.6223
 9348  99.6236
 9350  99.6176
 9351  99.6056
 9353  99.6055
 9355  99.6122
 9357  99.6078
 9359  99.5914
 9360  99.5951
 9362  99.5983
 9364  99.5879
 9366  99.5811
 9368  99.5739
 9369  99.5739
 9371  99.5685
 9373  99.5600
 9375  99.5555
 9377  99.5512
 9378  99.5551
 9380  99.5526
 9382  99.5448
 9384  99.5306
 9386  99.5326
 9387  99.5256
 9389  99.5197
 9391  99.5225
 9393  99.5159
 9395  99.5077
 9396  99.5134
 9398  99.5080
 9400  99.5038
 9402  99.4895
 9404  99.4881
 9405  99.4896
 9407  99.4874
 9409  99.4759
 9411  99.4787
 9413  99.4698
 9414  99.4730
 9416  99.4605
 9418  99.4601
 9420  99.4557
 9422  99.4547
 9423  99.4484
 9425  99.4322
 9427  99.4415
 9429  99.4336
 9431  99.4389
 9432  99.4260
 9434  99.4282
 9436  99.4172
 9438  99.4239
 9440  99.4105
 9441  99.4149
 9443  99.4079
 9445  99.4059
 9447  99.4022
 9449  99.4022
 9450  99.4000
 9452  99.3872
 9454  99.3984
 9456  99.3945
 9458  99.3966
 9459  99.3802
 9461  99.3841
 9463  99.3827
 9465  99.3764
 9467  99.3685
 9468  99.3701
 9470  99.3815
 9472  99.3677
 9474  99.3624
 9476  99.3710
 9477  99.3675
 9479  99.3679
 9481  99.3697
 9483  99.3690
 9485  99.3561
 9486  99.3627
 9488  99.3586
 9490  99.3527
 9492  99.3579
 9494  99.3569
 9495  99.3577
 9497  99.3487
 9499  99.3604
 9501  99.3604
 9503  99.3486
 9504  99.3579
 9506  99.3588
 9508  99.3549
 9510  99.3494
 9512  99.3549
 9513  99.3537
 9515  99.3642
 9517  99.3538
 9519  99.3579
 9521  99.3630
 9522  99.3598
 9524  99.3655
 9526  99.3570
 9528  99.3636
 9530  99.3651
 9531  99.3637
 9533  99.3703
 9535  99.3723
 9537  99.3730
 9539  99.3687
 9540  99.3726
 9542  99.3724
 9544  99.3809
 9546  99.3838
 9548  99.3889
 9549  99.3873
 9551  99.3835
 9553  99.3908
 9555  99.3976
 9557  99.3935
 9558  99.3927
 9560  99.3976
 9562  99.4039
 9564  99.4072
 9566  99.4086
 9567  99.4044
 9569  99.4109
 9571  99.4149
 9573  99.4240
 9575  99.4193
 9576  99.4205
 9578  99.4208
 9580  99.4271
 9582  99.4344
 9584  99.4360
 9585  99.4438
 9587  99.4414
 9589  99.4442
 9591  99.4480
 9593  99.4549
 9594  99.4546
 9596  99.4643
 9598  99.4628
 9600  99.4675
 9602  99.4710
 9603  99.4749
 9605  99.4774
 9607  99.4775
 9609  99.4828
 9611  99.4859
 9612  99.4844
 9614  99.4965
 9616  99.5007
 9618  99.5052
 9620  99.5099
 9621  99.5035
 9623  99.5176
 9625  99.5147
 9627  99.5111
 9629  99.5292
 9630  99.5201
 9632  99.5363
 9634  99.5324
 9636  99.5389
 9638  99.5417
 9639  99.5441
 9641  99.5471
 9643  99.5513
 9645  99.5524
 9647  99.5625
 9648  99.5536
 9650  99.5594
 9652  99.5724
 9654  99.5652
 9656  99.5699
 9657  99.5688
 9659  99.5767
 9661  99.5838
 9663  99.5800
 9665  99.5826
 9666  99.5858
 9668  99.5948
 9670  99.5884
 9672  99.5940
 9674  99.5990
 9675  99.5987
 9677  99.6089
 9679  99.6083
 9681  99.6087
 9683  99.6076
 9684  99.6099
 9686  99.6143
 9688  99.6178
 9690  99.6270
 9692  99.6266
 9693  99.6210
 9695  99.6257
 9697  99.6207
 9699  99.6244
 9701  99.6299
 9702  99.6295
 9704  99.6366
 9706  99.6350
 9708  99.6355
 9710  99.6349
 9711  99.6483
 9713  99.6332
 9715  99.6297
 9717  99.6397
 9719  99.6424
 9720  99.6407
 9722  99.6449
 9724  99.6460
 9726  99.6503
 9728  99.6411
 9729  99.6433
 9731  99.6555
 9733  99.6539
 9735  99.6523
 9737  99.6521
 9738  99.6464
 9740  99.6551
 9742  99.6567
 9744  99.6493
 9746  99.6452
 9747  99.6532
 9749  99.6522
 9751  99.6512
 9753  99.6581
 9755  99.6540
 9756  99.6555
 9758  99.6565
 9760  99.6620
 9762  99.6556
 9764  99.6563
 9765  99.6508
 9767  99.6531
 9769  99.6621
 9771  99.6549
 9773  99.6547
 9774  99.6636
 9776  99.6510
 9778  99.6534
 9780  99.6487
 9782  99.6648
 9783  99.6531
 9785  99.6516
 9787  99.6482
 9789  99.6506
 9791  99.6563
 9792  99.6574
 9794  99.6588
 9796  99.6531
 9798  99.6582
 9800  99.6539
 9801  99.6485
 9803  99.6518
 9805  99.6453
 9807  99.6456
 9809  99.6487
 9810  99.6487
 9812  99.6468
 9814  99.6492
 9816  99.6574
 9818  99.6473
 9819  99.6481
 9821  99.6437
 9823  99.6480
 9825  99.6506
 9827  99.6514
 9828  99.6468
 9830  99.6382
 9832  99.6418
 9834  99.6470
 9836  99.6432
 9837  99.6395
 9839  99.6357
 9841  99.6448
 9843  99.6371
 9845  99.6406
 9846  99.6451
 9848  99.6434
 9850  99.6442
 9852  99.6378
 9854  99.6356
 9855  99.6370
 9857  99.6309
 9859  99.6403
 9861  99.6388
 9863  99.6355
 9864  99.6412
 9866  99.6308
 9868  99.6354
 9870  99.6328
 9872  99.6323
 9873  99.6340
 9875  99.6373
 9877  99.6345
 9879  99.6348
 9881  99.6301
 9882  99.6257
 9884  99.6338
 9886  99.6345
 9888  99.6319
 9890  99.6302
 9891  99.6326
 9893  99.6270
 9895  99.6278
 9897  99.6275
 9899  99.6322
 9900  99.6260
 9902  99.6237
 9904  99.6290
 9906  99.6306
 9908  99.6286
 9909  99.6323
 9911  99.6289
 9913  99.6298
 9915  99.6250
 9917  99.6269
 9918  99.6295
 9920  99.6351
 9922  99.6290
 9924  99.6224
 9926  99.6227
 9927  99.6318
 9929  99.6293
 9931  99.6262
 9933  99.6242
 9935  99.6351
 9936  99.6340
 9938  99.6236
 9940  99.6264
 9942  99.6349
 9944  99.6228
 9945  99.6228
 9947  99.6381
 9949  99.6349
 9951  99.6245
 9953  99.6357
 9954  99.6321
 9956  99.6300
 9958  99.6358
 9960  99.6291
 9962  99.6334
 9963  99.6279
 9965  99.6340
 9967  99.6409
 9969  99.6327
 9971  99.6341
 9972  99.6417
 9974  99.6358
 9976  99.6387
 9978  99.6348
 9980  99.6369
 9981  99.6424
 9983  99.6363
 9985  99.6422
 9987  99.6429
 9989  99.6376
 9990  99.6448
 9992  99.6474
 9994  99.6486
 9996  99.6397
 9998  99.6456
 9999  99.6533
10001  99.6458
10003  99.6544
10005  99.6523
10007  99.6494
10008  99.6544
10010  99.6550
10012  99.6606
10014  99.6564
10016  99.6560
10017  99.6580
10019  99.6649
10021  99.6718
10023  99.6603
10025  99.6619
10026  99.6701
10028  99.6626
10030  99.6683
10032  99.6640
10034  99.6673
10035  99.6731
10037  99.6742
10039  99.6730
10041  99.6716
10043  99.6754
10044  99.6759
10046  99.6800
10048  99.6791
10050  99.6851
10052  99.6838
10053  99.6851
10055  99.6888
10057  99.6968
10059  99.6937
10061  99.6911
10062  99.6900
10064  99.6933
10066  99.6944
10068  99.6911
10070  99.7010
10071  99.7006
10073  99.7020
10075  99.7048
10077  99.6993
10079  99.7064
10080  99.7069
10082  99.7092
10084  99.7181
10086  99.7112
10088  99.7152
10089  99.7194
10091  99.7135
10093  99.7194
10095  99.7181
10097  99.7286
10098  99.7272
10100  99.7273
10102  99.7286
10104  99.7264
10106  99.7416
10107  99.7272
10109  99.7413
10111  99.7309
10113  99.7445
10115  99.7351
10116  99.7369
10118  99.7533
10120  99.7396
10122  99.7436
10124  99.7526
10125  99.7415
10127  99.7536
10129  99.7523
10131  99.7570
10133  99.7599
10134  99.7515
10136  99.7522
10138  99.7558
10140  99.7631
10142  99.7582
10143  99.7635
10145  99.7668
10147  99.7681
10149  99.7602
10151  99.7683
10152  99.7750
10154  99.7758
10156  99.7754
10158  99.7721
10160  99.7759
10161  99.7842
10163  99.7766
10165  99.7697
10167  99.7812
10169  99.7833
10170  99.7898
10172  99.7822
10174  99.7791
10176  99.7803
10178  99.7864
10179  99.7928
10181  99.7866
10183  99.7849
10185  99.7909
10187  99.7852
10188  99.7990
10190  99.7940
10192  99.7952
10194  99.7988
10196  99.8015
10197  99.7941
10199  99.7966
10201  99.8006
10203  99.8128
10205  99.8025
10206  99.8032
10208  99.8057
10210  99.8037
10212  99.8122
10214  99.8030
10215  99.8058
10217  99.8003
10219  99.8079
10221  99.8073
10223  99.7967
10224  99.8090
10226  99.8015
10228  99.8145
10230  99.8109
10232  99.8001
10233  99.8160
10235  99.8104
10237  99.8094
10239  99.8130
10241  99.8039
10242  99.8111
10244  99.8057
10246  99.8157
10248  99.8154
10250  99.8054
10251  99.8075
10253  99.8099
10255  99.8029
10257  99.8094
10259  99.8136
10260  99.8172
10262  99.8185
10264  99.8109
10266  99.8004
10268  99.8043
10269  99.8065
10271  99.8074
10273  99.8106
10275  99.8043
10277  99.8082
10278  99.8060
10280  99.8014
10282  99.8066
10284  99.8123
10286  99.8078
10287  99.8046
10289  99.8096
10291  99.8062
10293  99.8043
10295  99.7995
10296  99.8045
10298  99.8045
10300  99.7993
10302  99.7949
10304  99.8005
10305  99.8005
10307  99.8020
10309  99.7963
10311  99.7916
10313  99.7926
10314  99.7934
10316  99.7970
10318  99.7936
10320  99.7968
10322  99.7930
10323  99.7802
10325  99.7851
10327  99.7946
10329  99.7873
10331  99.7853
10332  99.7789
10334  99.7865
10336  99.7862
10338  99.7785
10340  99.7776
10341  99.7809
10343  99.7708
10345  99.7773
10347  99.7764
10349  99.7745
10350  99.7746
10352  99.7652
10354  99.7599
10356  99.7773
10358  99.7687
10359  99.7670
10361  99.7586
10363  99.7625
10365  99.7618
10367  99.7578
10368  99.7595
10370  99.7523
10372  99.7531
10374  99.7520
10376  99.7478
10377  99.7492
10379  99.7431
10381  99.7501
10383  99.7466
10385  99.7447
10386  99.7561
10388  99.7371
10390  99.7380
10392  99.7384
10394  99.7462
10395  99.7364
10397  99.7317
10399  99.7359
10401  99.7224
10403  99.7189
10404  99.7343
10406  99.7249
10408  99.7260
10410  99.7188
10412  99.7156
10413  99.7225
10415  99.7117
10417  99.7171
10419  99.7052
10421  99.7215
10422  99.7095
10424  99.7068
10426  99.7210
10428  99.7034
10430  99.7062
10431  99.6945
10433  99.7043
10435  99.7047
10437  99.6944
10439  99.6919
10440  99.6866
10442  99.6957
10444  99.6984
10446  99.6919
10448  99.6889
10449  99.6943
10451  99.6919
10453  99.6846
10455  99.6880
10457  99.6881
10458  99.6908
10460  99.6866
10462  99.6785
10464  99.6834
10466  99.6835
10467  99.6849
10469  99.6791
10471  99.6788
10473  99.6763
10475  99.6748
10476  99.6788
10478  99.6796
10480  99.6739
10482  99.6688
10484  99.6598
10485  99.6787
10487  99.6735
10489  99.6746
10491  99.6677
10493  99.6710
10494  99.6673
10496  99.6756
10498  99.6634
10500  99.6645
10502  99.6660
10503  99.6676
10505  99.6702
10507  99.6669
10509  99.6703
10511  99.6641
10512  99.6535
10514  99.6648
10516  99.6679
10518  99.6587
10520  99.6633
10521  99.6619
10523  99.6626
10525  99.6526
10527  99.6574
10529  99.6581
10530  99.6581
10532  99.6589
10534  99.6609
10536  99.6595
10538  99.6535
10539  99.6553
10541  99.6525
10543  99.6587
10545  99.6630
10547  99.6572
10548  99.6535
10550  99.6570
10552  99.6576
10554  99.6590
10556  99.6526
10557  99.6464
10559  99.6536
10561  99.6527
10563  99.6497
10565  99.6559
10566  99.6582
10568  99.6472
10570  99.6462
10572  99.6588
10574  99.6563
10575  99.6583
10577  99.6482
10579  99.6473
10581  99.6623
10583  99.6383
10584  99.6490
10586  99.6489
10588  99.6553
10590  99.6425
10592  99.6496
10593  99.6565
10595  99.6540
10597  99.6471
10599  99.6416
10601  99.6463
10602  99.6494
10604  99.6445
10606  99.6552
10608  99.6509
10610  99.6551
10611  99.6500
10613  99.6383
10615  99.6485
10617  99.6519
10619  99.6566
10620  99.6470
10622  99.6495
10624  99.6570
10626  99.6507
10628  99.6592
10629  99.6503
10631  99.6510
10633  99.6550
10635  99.6518
10637  99.6522
10638  99.6540
10640  99.6618
10642  99.6505
10644  99.6552
10646  99.6595
10647  99.6594
10649  99.6542
10651  99.6465
10653  99.6629
10655  99.6563
10656  99.6483
10658  99.6578
10660  99.6684
10662  99.6671
10664  99.6558
10665  99.6589
10667  99.6621
10669  99.6649
10671  99.6588
10673  99.6628
10674  99.6709
10676  99.6596
10678  99.6591
10680  99.6622
10682  99.6763
10683  99.6686
10685  99.6668
10687  99.6654
10689  99.6741
10691  99.6727
10692  99.6749
10694  99.6720
10696  99.6755
10698  99.6716
10700  99.6697
10701  99.6779
10703  99.6761
10705  99.6753
10707  99.6787
10709  99.6752
10710  99.6860
10712  99.6860
10714  99.6783
10716  99.6837
10718  99.6841
10719  99.6861
10721  99.6778
10723  99.6824
10725  99.6877
10727  99.6922
10728  99.6931
10730  99.6892
10732  99.6986
10734  99.6876
10736  99.6884
10737  99.6925
10739  99.6898
10741  99.7018
10743  99.6986
10745  99.6966
10746  99.6974
10748  99.7021
10750  99.6986
10752  99.6954
10754  99.7001
10755  99.7023
10757  99.7066
10759  99.7069
10761  99.7104
10763  99.7146
10764  99.6974
10766  99.7048
10768  99.7058
10770  99.7130
10772  99.7119
10773  99.7048
10775  99.7147
10777  99.7162
10779  99.7126
10781  99.7062
10782  99.7178
10784  99.7195
10786  99.7144
10788  99.7156
10790  99.7223
10791  99.7208
10793  99.7220
10795  99.7260
10797  99.7191
10799  99.7279
10800  99.7241
10802  99.7217
10804  99.7231
10806  99.7319
10808  99.7294
10809  99.7221
10811  99.7331
10813  99.7257
10815  99.7307
10817  99.7275
10818  99.7283
10820  99.7377
10822  99.7385
10824  99.7347
10826  99.7383
10827  99.7339
10829  99.7355
10831  99.7308
10833  99.7353
10835  99.7430
10836  99.7396
10838  99.7333
10840  99.7321
10842  99.7453
10844  99.7426
10845  99.7433
10847  99.7417
10849  99.7426
10851  99.7322
10853  99.7344
10854  99.7469
10856  99.7420
10858  99.7450
10860  99.7417
10862  99.7374
10863  99.7427
10865  99.7418
10867  99.7446
10869  99.7390
10871  99.7363
10872  99.7383
10874  99.7400
10876  99.7384
10878  99.7446
10880  99.7423
10881  99.7343
10883  99.7310
10885  99.7352
10887  99.7365
10889  99.7398
10890  99.7307
10892  99.7375
10894  99.7372
10896  99.7275
10898  99.7279
10899  99.7398
10901  99.7401
10903  99.7327
10905  99.7186
10907  99.7282
10908  99.7351
10910  99.7331
10912  99.7281
10914  99.7197
10916  99.7215
10917  99.7230
10919  99.7234
10921  99.7244
10923  99.7201
10925  99.7275
10926  99.7214
10928  99.7232
10930  99.7132
10932  99.7180
10934  99.7162
10935  99.7232
10937  99.7161
10939  99.7055
10941  99.7107
10943  99.7070
10944  99.7115
10946  99.7154
10948  99.7073
10950  99.7064
10952  99.7060
10953  99.7019
10955  99.7032
10957  99.7060
10959  99.7046
10961  99.6977
10962  99.6941
10964  99.7001
10966  99.7072
10968  99.6990
10970  99.6962
10971  99.6988
10973  99.7099
10975  99.6951
10977  99.6874
10979  99.6868
10980  99.6958
10982  99.6907
10984  99.6842
10986  99.6911
10988  99.6834
10989  99.6788
10991  99.6847
10993  99.6832
10995  99.6869
10997  99.6812
10998  99.6738
11000  99.6843
11002  99.6832
11004  99.6775
11006  99.6782
11007  99.6681
11009  99.6790
